([01]{4})[Running] python -u "c:\Users\jorda\Documents\Projects\FP-Microarchitecture\Simulation\Simulation.configuration\scripts\fpAdd_test.py"
Case 1749
0 | 0000 1000 | 0000 0001 0010 0000 1101 010 +
0 | 0000 0000 | 0111 1011 1001 1101 0000 100 =
0 | 0000 1000 | 0000 0010 0001 1000 0000 111 but got
0 | 0000 1000 | 0000 0001 1001 1100 0111 001
Case 7420
1 | 0000 0000 | 1101 0010 0000 0001 0110 000 +
0 | 0000 1101 | 0111 1101 0100 1010 0011 110 =
0 | 0000 1101 | 0111 1101 0011 1101 0001 101 but got
0 | 0000 1101 | 0111 1101 0100 0011 1010 110
Case 7433
1 | 0000 0000 | 1000 0001 1010 0010 0001 001 +
0 | 0000 1001 | 0110 1011 1111 1111 1011 011 =
0 | 0000 1001 | 0110 1011 0111 1110 0001 001 but got
0 | 0000 1001 | 0110 1011 1011 1110 1110 010
Case 7450
1 | 0000 1011 | 0111 0011 1101 0100 1011 011 +
1 | 0000 0000 | 1010 1010 0000 1001 0000 011 =
1 | 0000 1011 | 0111 0011 1111 1111 0011 100 but got
1 | 0000 1011 | 0111 0011 1110 1001 1111 100
Case 12389
0 | 0001 0000 | 0100 0111 1001 0010 0010 000 +
0 | 0000 0000 | 0110 0011 1011 0100 1100 011 =
0 | 0001 0000 | 0100 0111 1001 0010 1110 011 but got
0 | 0001 0000 | 0100 0111 1001 0010 1000 010
Case 13018
0 | 0000 0000 | 1111 1100 0100 0000 0100 100 +
1 | 0000 0111 | 0111 1000 1111 1100 1110 101 =
1 | 0000 0111 | 0111 0101 0000 1011 1110 100 but got
1 | 0000 0111 | 0111 0111 0000 0100 0110 101
Case 14566
0 | 0001 0101 | 1100 1111 0111 0100 1100 011 +
0 | 0000 0000 | 1001 0001 0101 1101 0101 000 =
0 | 0001 0101 | 1100 1111 0111 0100 1100 111 but got
0 | 0001 0101 | 1100 1111 0111 0100 1100 101
Case 15490
1 | 0000 0000 | 1000 0100 0101 0101 1000 110 +
0 | 0001 0101 | 1001 1110 1100 1000 0101 100 =
0 | 0001 0101 | 1001 1110 1100 1000 0100 111 but got
0 | 0001 0101 | 1001 1110 1100 1000 0101 010
Case 15499
1 | 0000 0000 | 1010 1011 0100 0011 0100 100 +
0 | 0001 0010 | 1011 1110 1001 1010 1110 111 =
0 | 0001 0010 | 1011 1110 1001 1010 1001 100 but got
0 | 0001 0010 | 1011 1110 1001 1010 1100 010
Case 15892
0 | 0000 0000 | 1111 1110 0111 1111 1110 101 +
0 | 0000 1001 | 1111 0101 1101 0011 0101 001 =
0 | 0000 1001 | 1111 0110 1101 0001 1101 000 but got
0 | 0000 1001 | 1111 0110 0101 0010 1001 001
Case 16928
0 | 0001 0011 | 1100 0110 0101 1011 0011 111 +
0 | 0000 0000 | 1011 1011 0001 0011 0010 001 =
0 | 0001 0011 | 1100 0110 0101 1011 0110 110 but got
0 | 0001 0011 | 1100 0110 0101 1011 0101 011
Case 17958
1 | 0000 0000 | 0110 1111 1100 0011 0010 011 +
1 | 0001 0010 | 0100 0001 0111 1011 1111 111 =
1 | 0001 0010 | 0100 0001 0111 1100 0011 010 but got
1 | 0001 0010 | 0100 0001 0111 1100 0001 101
Case 19707
0 | 0000 0000 | 0100 1101 0001 1101 1100 000 +
0 | 0000 1001 | 0010 0110 1001 0111 0011 110 =
0 | 0000 1001 | 0010 0110 1110 0100 0101 100 but got
0 | 0000 1001 | 0010 0110 1011 1101 1100 101
Case 22731
0 | 0000 0000 | 0100 0110 0110 1110 1110 101 +
1 | 0000 0110 | 0011 1001 0001 0011 1001 110 =
1 | 0000 0110 | 0011 0110 1110 0000 0010 010 but got
1 | 0000 0110 | 0011 0111 1111 1001 1110 000
Case 25410
0 | 0000 1011 | 0101 1001 1011 1111 1001 111 +
1 | 0000 0000 | 1010 0111 1101 0101 0111 110 =
0 | 0000 1011 | 0101 1001 1001 0101 1010 100 but got
0 | 0000 1011 | 0101 1001 1010 1010 1010 010
Case 28292
0 | 0000 1011 | 1001 1001 1111 1010 1010 111 +
1 | 0000 0000 | 0000 0100 1101 0001 0000 100 =
0 | 0000 1011 | 1001 1001 1111 1001 0111 100 but got
0 | 0000 1011 | 1001 1001 1111 1010 0001 010
Case 28369
0 | 0000 1001 | 0000 0010 1010 1011 0111 001 +
1 | 0000 0000 | 0001 1011 1001 0011 1111 010 =
0 | 0000 1001 | 0000 0010 1000 1111 1101 111 but got
0 | 0000 1001 | 0000 0010 1001 1101 1010 100
Case 28503
0 | 0001 0011 | 0111 0011 0001 0011 1100 110 +
0 | 0000 0000 | 0110 1000 1000 1101 0010 000 =
0 | 0001 0011 | 0111 0011 0001 0011 1110 011 but got
0 | 0001 0011 | 0111 0011 0001 0011 1101 101
Case 31360
0 | 0000 0000 | 1010 1110 0111 0111 0000 100 +
1 | 0000 1001 | 0100 1110 0111 0000 1111 001 =
1 | 0000 1001 | 0100 1101 1100 0010 0111 101 but got
1 | 0000 1001 | 0100 1110 0001 1001 1011 011
Case 32156
0 | 0000 0000 | 0011 1000 0101 0110 1011 010 +
0 | 0000 1010 | 0110 1101 1101 0100 0000 111 =
0 | 0000 1010 | 0110 1101 1111 0000 0011 100 but got
0 | 0000 1010 | 0110 1101 1110 0010 0010 010
Case 32442
1 | 0000 0011 | 1110 0110 1001 0010 1110 010 +
1 | 0000 0000 | 1000 0000 1011 0110 0000 011 =
1 | 0000 0100 | 0000 0011 0110 0000 0011 001 but got
1 | 0000 0011 | 1111 0110 1010 1001 1010 010
Case 32718
1 | 0000 0000 | 1010 0101 1100 1100 0110 111 +
0 | 0000 0100 | 0100 0101 0000 1011 1101 001 =
0 | 0000 0100 | 0011 0000 0101 0010 0100 010 but got
0 | 0000 0100 | 0011 1010 1010 1111 0000 110
Case 33196
0 | 0000 0000 | 1111 0010 0001 0010 1000 110 +
1 | 0001 0000 | 1101 0000 1101 0010 0100 010 =
1 | 0001 0000 | 1101 0000 1101 0000 0101 111 but got
1 | 0001 0000 | 1101 0000 1101 0001 0101 001
Case 33216
1 | 0000 0000 | 0010 0001 0101 1010 1111 101 +
0 | 0000 0101 | 1001 0101 0011 1101 0001 111 =
0 | 0000 0101 | 1001 0011 0010 0111 0110 111 but got
0 | 0000 0101 | 1001 0100 0011 0010 0100 011
Case 36072
1 | 0000 0000 | 1100 0011 0001 1000 0011 111 +
1 | 0000 1100 | 1111 0100 1100 0001 1111 101 =
1 | 0000 1100 | 1111 0100 1101 1010 0101 110 but got
1 | 0000 1100 | 1111 0100 1100 1110 0010 110
Case 36868
0 | 0001 0010 | 0111 1000 1100 1001 0110 100 +
1 | 0000 0000 | 0000 1001 1010 1110 0100 011 =
0 | 0001 0010 | 0111 1000 1100 1001 0110 001 but got
0 | 0001 0010 | 0111 1000 1100 1001 0110 011
Case 39262
1 | 0001 0000 | 1000 0001 1100 1101 0001 101 +
0 | 0000 0000 | 1011 0010 0001 0110 1101 011 =
1 | 0001 0000 | 1000 0001 1100 1011 1011 010 but got
1 | 0001 0000 | 1000 0001 1100 1100 0110 100
Case 39811
0 | 0000 1100 | 1100 1000 1110 1000 0011 001 +
1 | 0000 0000 | 1000 1010 1110 0010 1101 010 =
0 | 0000 1100 | 1100 1000 1101 0110 1101 010 but got
0 | 0000 1100 | 1100 1000 1101 1111 1000 010
Case 40960
1 | 0001 0101 | 0010 1000 0010 0111 0011 000 +
0 | 0000 0000 | 0100 0011 0011 1001 1011 001 =
1 | 0001 0101 | 0010 1000 0010 0111 0010 101 but got
1 | 0001 0101 | 0010 1000 0010 0111 0010 111
Case 42259
0 | 0000 0000 | 0110 0000 0011 1000 1100 011 +
1 | 0000 0010 | 1111 0100 1101 0101 0010 001 =
1 | 0000 0010 | 1100 0100 1011 1000 1011 111 but got
1 | 0000 0010 | 1101 1100 1100 0110 1111 000
Case 46994
0 | 0000 0000 | 0110 0011 0000 0000 0101 000 +
1 | 0000 0010 | 1011 0101 0110 1111 1011 011 =
1 | 0000 0010 | 1000 0011 1110 1111 1000 111 but got
1 | 0000 0010 | 1001 1100 1010 1111 1010 001
Success: 49969
Fail: 31

[Done] exited with code=0 in 0.356 seconds

