6.293819e-39
6.490882e-39
7.454289e-39
8.245222e-39
8.561094e-39
1.161786e-38
1.185177e-38
1.671525e-38
1.716157e-38
1.717381e-38
1.829910e-38
1.891707e-38
2.142362e-38
2.143674e-38
2.163123e-38
2.544784e-38
2.583278e-38
2.721057e-38
2.872584e-38
3.150656e-38
3.320636e-38
3.382025e-38
3.395787e-38
3.553239e-38
3.756453e-38
3.839748e-38
3.952288e-38
4.647163e-38
4.683994e-38
4.735799e-38
5.254341e-38
5.440749e-38
6.641889e-38
6.810944e-38
7.514629e-38
7.707518e-38
8.457178e-38
9.224238e-38
1.065630e-37
1.120547e-37
1.154018e-37
1.520247e-37
1.697674e-37
1.801295e-37
1.944798e-37
2.324340e-37
2.410771e-37
2.798853e-37
2.857757e-37
2.952072e-37
3.195030e-37
3.289314e-37
3.494826e-37
3.568597e-37
3.651130e-37
4.455152e-37
5.196417e-37
5.663587e-37
5.755274e-37
7.877273e-37
9.424661e-37
9.559366e-37
9.717899e-37
9.758496e-37
9.976695e-37
1.156556e-36
1.271333e-36
1.342732e-36
1.570184e-36
1.611691e-36
1.631535e-36
1.922855e-36
1.928043e-36
1.947719e-36
2.028146e-36
2.035145e-36
2.413080e-36
2.458660e-36
2.542002e-36
2.701654e-36
2.732991e-36
3.044067e-36
3.067990e-36
3.526131e-36
4.352596e-36
4.600812e-36
5.137438e-36
5.279034e-36
5.314527e-36
5.408560e-36
5.529192e-36
6.154025e-36
6.414384e-36
6.983094e-36
8.235995e-36
8.678210e-36
9.056588e-36
9.502326e-36
9.620506e-36
9.823728e-36
1.121698e-35
1.147788e-35
1.156851e-35
1.160705e-35
1.165405e-35
1.224391e-35
1.324462e-35
1.401217e-35
1.480108e-35
1.498638e-35
1.602908e-35
1.847600e-35
1.932482e-35
2.009707e-35
2.141837e-35
2.234185e-35
2.264320e-35
2.288898e-35
2.325083e-35
2.615788e-35
2.667737e-35
2.826407e-35
3.238032e-35
3.896346e-35
3.985821e-35
4.302590e-35
4.421786e-35
5.143064e-35
5.344019e-35
5.479029e-35
5.815063e-35
5.950465e-35
6.635412e-35
6.993440e-35
7.032390e-35
7.623516e-35
8.569319e-35
8.684319e-35
8.811049e-35
8.833943e-35
8.909110e-35
9.018763e-35
9.198437e-35
9.360173e-35
1.056342e-34
1.166015e-34
1.269473e-34
1.424075e-34
1.455227e-34
1.481284e-34
1.542847e-34
1.550072e-34
1.573955e-34
1.762992e-34
1.775539e-34
1.951261e-34
2.036069e-34
2.038968e-34
2.182832e-34
2.397951e-34
2.557611e-34
2.779323e-34
2.964815e-34
3.173439e-34
3.173600e-34
3.341514e-34
3.344781e-34
3.624691e-34
3.696768e-34
5.049184e-34
5.105967e-34
5.875742e-34
5.891616e-34
6.064533e-34
6.695524e-34
7.481384e-34
8.513982e-34
8.545872e-34
9.541688e-34
1.148531e-33
1.157409e-33
1.350234e-33
1.450704e-33
1.461976e-33
1.505126e-33
1.541725e-33
1.636325e-33
1.843837e-33
2.290717e-33
2.480494e-33
2.628784e-33
2.674787e-33
3.030181e-33
3.042638e-33
3.205480e-33
3.245295e-33
3.351800e-33
3.580669e-33
4.350752e-33
4.530587e-33
4.533370e-33
4.560540e-33
4.895456e-33
5.310546e-33
5.452815e-33
5.490097e-33
6.245825e-33
6.343722e-33
6.460390e-33
6.486701e-33
7.932534e-33
1.033731e-32
1.108451e-32
1.123051e-32
1.278095e-32
1.376885e-32
1.471914e-32
1.905837e-32
2.150512e-32
2.197463e-32
2.244726e-32
2.338233e-32
2.568476e-32
2.938253e-32
2.969090e-32
3.324545e-32
3.552251e-32
3.604753e-32
3.880546e-32
4.636326e-32
4.671776e-32
5.891870e-32
7.240204e-32
7.376898e-32
7.482048e-32
8.308877e-32
8.943016e-32
9.032885e-32
9.174318e-32
9.282713e-32
1.093029e-31
1.126879e-31
1.263996e-31
1.330072e-31
1.496432e-31
1.499760e-31
1.514423e-31
1.520994e-31
1.711256e-31
1.723431e-31
1.780570e-31
1.839685e-31
1.886718e-31
1.914666e-31
1.957639e-31
2.033601e-31
2.146193e-31
2.283344e-31
2.751940e-31
3.564811e-31
3.907585e-31
4.144646e-31
4.245654e-31
4.357929e-31
5.618460e-31
6.339378e-31
6.439616e-31
7.173718e-31
8.401099e-31
1.002178e-30
1.012920e-30
1.064242e-30
1.238901e-30
1.355566e-30
1.452991e-30
2.069586e-30
2.320599e-30
2.339966e-30
2.341198e-30
2.442945e-30
2.585279e-30
2.587513e-30
2.610825e-30
2.745876e-30
2.812270e-30
2.932551e-30
3.021904e-30
3.149033e-30
3.674699e-30
3.884842e-30
4.188262e-30
4.194570e-30
5.459423e-30
5.471816e-30
5.655828e-30
5.695187e-30
5.908862e-30
6.263696e-30
6.915109e-30
7.158114e-30
7.545757e-30
7.783110e-30
8.309326e-30
8.679090e-30
8.685085e-30
8.778697e-30
1.022633e-29
1.052018e-29
1.103196e-29
1.110999e-29
1.191641e-29
1.216340e-29
1.237765e-29
1.248341e-29
1.255373e-29
1.274929e-29
1.420531e-29
1.423491e-29
1.488010e-29
1.502420e-29
1.577351e-29
1.611812e-29
1.688415e-29
1.832119e-29
1.892778e-29
1.989433e-29
2.065401e-29
2.372485e-29
2.439793e-29
3.090933e-29
3.260880e-29
3.301202e-29
3.476854e-29
3.844515e-29
4.149095e-29
4.864566e-29
4.948151e-29
5.070379e-29
5.732780e-29
6.455215e-29
6.620482e-29
6.684690e-29
7.426696e-29
7.534232e-29
7.625761e-29
8.385808e-29
8.752204e-29
8.908823e-29
9.166116e-29
9.287672e-29
9.911673e-29
1.033179e-28
1.048856e-28
1.049550e-28
1.094026e-28
1.356726e-28
1.357195e-28
1.384651e-28
1.558577e-28
1.675795e-28
2.119754e-28
2.146822e-28
2.781752e-28
2.821338e-28
3.092006e-28
3.211474e-28
3.228041e-28
3.831374e-28
4.055926e-28
4.501901e-28
4.836740e-28
4.870579e-28
5.018273e-28
5.096578e-28
5.255658e-28
5.321473e-28
6.041641e-28
6.670770e-28
7.457866e-28
7.724206e-28
8.112666e-28
9.765556e-28
9.928901e-28
1.033193e-27
1.275051e-27
1.300610e-27
1.343680e-27
1.539674e-27
2.197131e-27
2.421644e-27
2.622121e-27
3.002254e-27
3.158950e-27
3.213217e-27
3.914245e-27
4.399842e-27
4.482773e-27
5.159244e-27
5.234269e-27
6.008534e-27
6.225493e-27
6.354964e-27
7.047909e-27
7.510045e-27
1.016792e-26
1.076415e-26
1.144105e-26
1.187372e-26
1.225331e-26
1.655388e-26
1.942081e-26
2.213130e-26
2.242610e-26
2.358577e-26
2.563319e-26
2.956658e-26
2.969387e-26
2.990254e-26
3.122138e-26
3.245973e-26
3.262328e-26
3.371428e-26
3.760275e-26
4.297630e-26
4.939725e-26
5.250527e-26
5.715372e-26
5.838700e-26
5.971964e-26
6.140454e-26
8.144520e-26
8.555937e-26
8.825051e-26
1.119457e-25
1.170606e-25
1.208149e-25
1.334643e-25
1.498127e-25
1.509008e-25
1.661772e-25
1.870130e-25
1.929955e-25
1.931440e-25
1.948628e-25
2.095652e-25
2.274745e-25
2.790996e-25
2.925617e-25
3.006277e-25
3.384325e-25
3.462360e-25
3.770277e-25
4.110372e-25
4.610698e-25
5.537735e-25
5.578482e-25
5.990846e-25
7.976167e-25
9.238101e-25
1.062820e-24
1.095105e-24
1.176563e-24
1.458437e-24
1.509115e-24
1.519871e-24
1.581135e-24
1.600465e-24
1.810609e-24
1.822443e-24
1.846304e-24
1.907339e-24
2.322539e-24
2.484961e-24
2.493208e-24
2.566540e-24
2.672583e-24
3.078603e-24
3.497810e-24
3.574632e-24
4.612414e-24
5.385637e-24
5.703311e-24
5.941846e-24
6.114491e-24
6.409506e-24
6.971174e-24
8.295235e-24
9.749661e-24
9.796895e-24
1.030609e-23
1.156514e-23
1.237753e-23
1.250076e-23
1.365810e-23
1.481999e-23
1.612096e-23
1.799725e-23
1.875558e-23
2.089670e-23
2.300425e-23
2.313243e-23
2.346368e-23
2.847015e-23
3.029997e-23
3.461334e-23
3.786927e-23
4.316697e-23
4.345544e-23
4.800485e-23
5.327662e-23
5.898227e-23
6.545156e-23
6.548579e-23
6.829731e-23
7.361741e-23
7.700644e-23
8.317457e-23
8.385803e-23
9.246925e-23
1.016096e-22
1.017176e-22
1.089695e-22
1.091829e-22
1.121359e-22
1.417959e-22
1.465936e-22
1.514971e-22
1.531185e-22
1.550726e-22
1.601384e-22
1.694890e-22
1.919091e-22
2.000642e-22
2.131511e-22
2.218548e-22
2.413133e-22
2.426004e-22
2.477327e-22
2.783883e-22
2.891352e-22
3.110736e-22
3.563731e-22
3.764055e-22
4.043199e-22
4.178399e-22
4.680056e-22
4.865346e-22
5.313286e-22
5.345450e-22
5.994166e-22
6.351861e-22
6.496618e-22
6.809503e-22
6.874473e-22
7.163196e-22
8.024879e-22
1.018450e-21
1.144561e-21
1.272564e-21
1.301463e-21
1.364442e-21
1.387060e-21
1.389544e-21
2.004540e-21
2.018556e-21
2.056652e-21
2.058063e-21
2.142429e-21
2.152429e-21
2.285259e-21
2.634894e-21
2.636255e-21
2.683669e-21
3.262624e-21
5.457919e-21
5.668443e-21
5.988882e-21
6.341787e-21
7.812111e-21
8.058718e-21
9.122127e-21
9.530791e-21
9.740422e-21
1.051932e-20
1.071795e-20
1.079186e-20
1.279377e-20
1.748378e-20
1.749499e-20
2.105955e-20
2.149647e-20
2.164455e-20
2.582975e-20
2.583562e-20
2.640960e-20
2.661443e-20
2.671587e-20
2.967707e-20
2.985432e-20
4.368799e-20
4.376417e-20
5.405930e-20
5.645732e-20
5.798766e-20
6.864146e-20
6.950070e-20
7.186693e-20
7.462385e-20
7.612287e-20
7.620057e-20
9.090003e-20
9.246586e-20
9.305977e-20
9.669293e-20
1.230705e-19
1.278476e-19
1.284817e-19
1.570607e-19
1.678824e-19
1.690365e-19
1.744702e-19
2.074644e-19
2.489492e-19
2.872338e-19
3.382049e-19
3.647415e-19
3.898016e-19
4.671427e-19
4.688442e-19
4.737784e-19
4.887633e-19
5.641222e-19
5.871284e-19
6.187340e-19
6.244749e-19
6.878935e-19
7.227458e-19
7.716023e-19
8.013348e-19
8.157292e-19
9.471228e-19
1.005487e-18
1.005918e-18
1.103680e-18
1.205643e-18
1.252805e-18
1.303879e-18
1.321203e-18
1.341082e-18
1.376314e-18
1.544959e-18
1.685009e-18
1.757082e-18
2.155117e-18
2.195525e-18
2.208229e-18
2.250453e-18
2.425218e-18
2.629211e-18
2.658265e-18
2.782429e-18
2.819350e-18
3.121992e-18
3.287859e-18
3.368704e-18
3.460288e-18
3.926485e-18
4.602559e-18
5.059498e-18
5.217698e-18
5.240694e-18
5.240748e-18
5.967472e-18
6.036003e-18
6.389045e-18
6.613786e-18
7.478562e-18
7.530393e-18
7.642405e-18
8.457530e-18
1.030687e-17
1.223465e-17
1.290310e-17
1.321864e-17
1.454930e-17
1.845855e-17
2.258611e-17
2.448987e-17
2.562585e-17
2.638366e-17
2.647898e-17
2.652497e-17
2.656916e-17
2.684657e-17
3.029256e-17
3.117589e-17
3.302403e-17
3.499390e-17
3.983524e-17
4.136238e-17
4.517545e-17
4.650886e-17
4.784466e-17
4.900446e-17
5.295290e-17
5.299874e-17
6.010179e-17
7.896361e-17
8.157667e-17
8.925572e-17
9.194475e-17
9.984371e-17
1.274442e-16
1.455148e-16
1.500048e-16
1.987634e-16
2.060339e-16
2.093224e-16
2.151935e-16
2.205550e-16
2.851867e-16
3.667823e-16
3.686682e-16
3.692021e-16
3.710560e-16
4.062222e-16
4.086761e-16
4.212846e-16
4.406565e-16
4.826034e-16
4.886782e-16
5.911047e-16
6.116250e-16
6.495070e-16
6.724677e-16
6.850415e-16
7.740025e-16
7.756287e-16
7.786510e-16
8.280011e-16
8.693581e-16
1.001144e-15
1.038212e-15
1.129112e-15
1.141275e-15
1.275850e-15
1.290526e-15
1.320003e-15
1.374354e-15
1.573019e-15
1.599350e-15
1.889573e-15
2.250266e-15
2.262049e-15
2.345782e-15
2.385287e-15
2.523168e-15
2.557747e-15
2.660937e-15
3.057003e-15
3.184127e-15
3.259600e-15
3.538584e-15
3.831771e-15
3.836065e-15
3.934453e-15
3.992545e-15
4.560965e-15
5.407525e-15
6.477067e-15
6.521211e-15
6.801415e-15
7.193320e-15
7.937522e-15
8.227257e-15
8.738679e-15
9.112137e-15
1.196396e-14
1.292590e-14
1.347287e-14
1.369335e-14
1.414569e-14
1.626145e-14
1.799381e-14
1.854514e-14
1.891329e-14
1.930236e-14
1.946837e-14
2.081915e-14
2.099645e-14
2.433546e-14
2.485722e-14
2.721408e-14
3.000587e-14
3.154762e-14
3.441366e-14
4.171164e-14
5.466526e-14
6.219064e-14
8.430820e-14
8.607722e-14
8.725858e-14
9.393984e-14
1.028767e-13
1.132807e-13
1.622981e-13
1.704970e-13
1.935388e-13
2.130640e-13
2.130970e-13
2.346588e-13
2.600079e-13
2.943529e-13
3.118309e-13
3.403134e-13
3.619627e-13
3.722891e-13
3.801728e-13
4.305998e-13
4.400231e-13
5.277446e-13
5.490387e-13
5.673517e-13
5.820421e-13
6.320180e-13
6.988188e-13
7.263758e-13
7.534742e-13
7.558532e-13
7.716632e-13
7.727870e-13
8.312192e-13
8.723551e-13
8.950931e-13
9.733800e-13
1.005222e-12
1.005745e-12
1.023067e-12
1.129047e-12
1.206009e-12
1.278974e-12
1.326551e-12
1.332790e-12
1.442567e-12
1.452343e-12
1.462690e-12
1.485503e-12
1.664968e-12
1.667224e-12
1.750305e-12
1.769806e-12
1.881473e-12
2.076350e-12
2.509820e-12
3.271979e-12
3.384402e-12
3.433877e-12
3.607325e-12
3.619304e-12
3.945002e-12
3.955489e-12
4.279818e-12
4.494605e-12
4.502519e-12
4.590555e-12
4.612324e-12
5.019513e-12
5.166907e-12
5.761498e-12
5.808294e-12
6.346024e-12
6.685676e-12
6.742191e-12
7.824399e-12
8.053152e-12
8.303536e-12
8.998434e-12
9.056084e-12
9.824489e-12
1.056688e-11
1.212634e-11
1.299267e-11
1.300793e-11
1.382326e-11
1.448083e-11
2.101066e-11
2.523163e-11
2.678842e-11
2.688077e-11
2.787992e-11
2.860916e-11
2.980311e-11
3.247778e-11
3.800853e-11
4.321681e-11
4.341814e-11
4.380817e-11
5.484204e-11
5.920762e-11
6.175285e-11
6.344797e-11
6.650749e-11
7.166417e-11
8.518593e-11
9.294433e-11
9.375677e-11
1.036036e-10
1.053472e-10
1.091797e-10
1.115467e-10
1.345020e-10
1.363289e-10
1.451251e-10
1.537498e-10
1.580296e-10
1.869681e-10
2.326764e-10
2.361921e-10
2.514810e-10
2.774332e-10
2.842639e-10
2.842706e-10
3.235012e-10
3.297614e-10
3.956676e-10
4.076667e-10
4.109006e-10
4.553944e-10
4.726259e-10
5.235582e-10
5.545853e-10
5.695255e-10
5.884203e-10
6.037839e-10
6.811888e-10
7.735290e-10
7.904883e-10
8.311539e-10
8.418734e-10
8.557742e-10
8.989284e-10
9.103437e-10
9.724080e-10
9.744521e-10
1.168612e-09
1.220597e-09
1.411051e-09
1.501516e-09
1.567363e-09
1.805430e-09
1.860070e-09
2.229215e-09
2.312719e-09
2.686833e-09
2.866959e-09
2.902090e-09
2.994858e-09
3.594767e-09
3.625219e-09
3.675566e-09
3.680755e-09
3.687525e-09
4.048941e-09
4.186127e-09
4.707059e-09
4.743303e-09
5.414984e-09
6.116843e-09
6.201041e-09
9.461844e-09
9.989654e-09
1.015757e-08
1.040081e-08
1.287396e-08
1.354591e-08
1.642042e-08
1.729348e-08
1.770807e-08
1.825452e-08
2.018252e-08
2.230261e-08
2.242928e-08
2.334772e-08
2.334913e-08
2.357353e-08
2.424758e-08
2.467995e-08
2.530666e-08
2.843654e-08
2.844228e-08
2.863745e-08
2.905360e-08
2.909124e-08
3.036578e-08
3.545653e-08
3.616563e-08
4.632772e-08
5.152705e-08
5.251708e-08
5.696700e-08
8.157156e-08
9.391812e-08
1.083806e-07
1.197095e-07
1.332304e-07
1.493759e-07
1.590988e-07
1.724222e-07
1.792103e-07
1.805149e-07
2.006460e-07
2.325105e-07
2.332147e-07
2.441989e-07
2.598687e-07
3.128822e-07
3.130761e-07
3.386875e-07
3.683929e-07
5.465621e-07
6.813310e-07
7.325305e-07
8.082912e-07
8.793463e-07
1.000505e-06
1.067719e-06
1.177423e-06
1.252950e-06
1.392160e-06
1.445775e-06
1.650034e-06
1.683184e-06
1.732909e-06
1.738124e-06
2.280328e-06
2.385524e-06
2.909884e-06
2.944959e-06
3.029389e-06
3.341940e-06
3.768333e-06
3.787985e-06
3.868322e-06
3.903078e-06
3.974967e-06
4.055624e-06
4.534072e-06
4.867393e-06
5.029026e-06
5.213200e-06
5.345444e-06
5.381886e-06
5.521299e-06
5.823370e-06
6.115449e-06
6.184165e-06
6.916562e-06
7.343554e-06
7.906272e-06
8.491953e-06
9.503964e-06
9.747058e-06
1.025880e-05
1.090718e-05
1.115924e-05
1.181746e-05
1.236615e-05
1.278094e-05
1.308263e-05
1.374526e-05
1.575604e-05
1.738153e-05
1.762452e-05
1.796216e-05
1.893291e-05
1.995633e-05
2.122010e-05
2.224308e-05
2.321626e-05
2.664260e-05
3.206903e-05
3.839730e-05
4.147809e-05
4.625416e-05
4.939015e-05
5.228447e-05
5.347417e-05
5.355757e-05
5.636211e-05
5.700293e-05
5.762457e-05
5.786538e-05
5.891017e-05
5.994204e-05
6.237398e-05
6.526950e-05
6.813438e-05
6.814445e-05
6.976303e-05
8.691567e-05
8.752451e-05
9.671743e-05
1.019816e-04
1.141208e-04
1.163509e-04
1.377731e-04
1.525086e-04
1.581401e-04
1.663903e-04
1.680546e-04
1.777097e-04
1.808028e-04
2.109378e-04
2.218328e-04
2.246540e-04
2.336025e-04
2.362984e-04
2.379516e-04
2.397754e-04
2.507653e-04
2.512030e-04
2.767796e-04
2.906612e-04
3.404414e-04
3.484061e-04
3.810963e-04
3.927103e-04
4.051281e-04
4.274067e-04
4.305327e-04
4.474137e-04
4.477182e-04
4.591818e-04
4.942787e-04
5.826326e-04
6.442807e-04
9.119391e-04
9.239115e-04
9.496721e-04
1.031374e-03
1.445457e-03
1.658160e-03
1.661336e-03
1.818153e-03
1.847151e-03
1.918493e-03
2.329553e-03
2.497213e-03
2.586551e-03
2.620956e-03
2.644736e-03
3.148986e-03
3.229751e-03
3.631344e-03
3.771522e-03
3.827483e-03
3.930286e-03
3.982291e-03
4.578306e-03
4.685393e-03
7.057393e-03
9.258960e-03
9.958519e-03
1.037119e-02
1.049868e-02
1.266689e-02
1.489390e-02
1.489627e-02
1.634348e-02
1.879143e-02
1.925822e-02
2.212757e-02
2.261796e-02
2.442564e-02
2.541305e-02
2.575240e-02
2.922777e-02
3.126141e-02
3.471386e-02
3.590548e-02
3.728142e-02
4.037224e-02
4.049142e-02
4.297537e-02
4.602686e-02
4.907734e-02
5.825007e-02
6.290032e-02
6.639327e-02
7.664768e-02
8.239413e-02
9.442741e-02
1.030076e-01
1.057574e-01
1.095606e-01
1.123013e-01
1.216748e-01
1.221584e-01
1.323186e-01
1.566239e-01
1.806427e-01
2.084823e-01
2.135861e-01
2.191951e-01
2.279643e-01
2.433130e-01
2.778896e-01
3.326842e-01
3.615288e-01
3.694539e-01
3.973433e-01
4.058152e-01
4.699880e-01
4.756542e-01
4.871162e-01
4.894923e-01
5.276475e-01
7.606609e-01
9.695553e-01
9.805956e-01
9.962487e-01
1.229714e+00
1.364728e+00
1.366154e+00
1.420407e+00
1.426355e+00
1.601196e+00
1.695504e+00
1.758108e+00
1.761779e+00
1.896242e+00
2.333550e+00
2.456800e+00
2.487199e+00
2.587652e+00
2.959970e+00
3.096246e+00
3.267517e+00
3.272287e+00
3.754440e+00
4.108666e+00
4.301244e+00
4.437041e+00
4.500575e+00
4.648221e+00
4.710264e+00
4.996957e+00
5.050232e+00
5.511917e+00
7.587927e+00
9.993779e+00
1.000417e+01
1.108412e+01
1.138522e+01
1.250004e+01
1.407060e+01
1.452110e+01
1.497713e+01
1.499128e+01
1.671972e+01
1.693406e+01
1.740428e+01
1.835706e+01
2.190281e+01
2.491127e+01
2.673715e+01
2.840254e+01
2.929265e+01
3.299022e+01
3.834682e+01
3.899040e+01
3.956997e+01
4.315415e+01
4.810123e+01
4.844390e+01
5.257163e+01
5.416081e+01
5.448228e+01
5.983788e+01
6.258426e+01
6.267234e+01
7.435468e+01
7.618374e+01
7.780756e+01
8.219459e+01
9.458979e+01
1.030757e+02
1.093203e+02
1.165375e+02
1.217581e+02
1.227112e+02
1.240069e+02
1.339258e+02
1.364888e+02
1.680237e+02
1.795442e+02
1.895206e+02
2.043590e+02
2.431399e+02
2.509247e+02
2.552710e+02
2.719518e+02
3.102066e+02
3.855829e+02
4.194811e+02
4.331053e+02
4.474342e+02
4.586426e+02
4.827367e+02
4.868310e+02
4.899888e+02
4.996556e+02
5.146564e+02
5.444033e+02
5.501182e+02
5.791442e+02
5.931011e+02
6.372438e+02
6.883984e+02
7.118940e+02
7.502853e+02
7.584327e+02
8.710468e+02
9.210106e+02
9.525668e+02
9.568170e+02
9.580757e+02
9.717887e+02
9.901012e+02
9.938222e+02
1.107740e+03
1.154327e+03
1.202692e+03
1.259982e+03
1.358780e+03
1.630917e+03
1.650822e+03
1.652919e+03
1.748790e+03
1.840169e+03
1.887175e+03
1.935774e+03
2.308633e+03
2.574951e+03
3.165752e+03
3.304637e+03
3.390557e+03
3.481873e+03
3.488347e+03
3.724205e+03
3.933078e+03
3.972799e+03
4.089260e+03
4.250158e+03
4.361867e+03
4.421043e+03
4.439744e+03
5.691231e+03
5.992068e+03
6.811146e+03
6.949327e+03
6.954528e+03
7.441164e+03
8.076197e+03
8.343443e+03
9.221559e+03
1.006146e+04
1.061153e+04
1.248950e+04
1.456311e+04
1.484675e+04
1.554287e+04
1.769160e+04
1.969109e+04
2.075330e+04
2.126689e+04
2.351488e+04
2.555071e+04
2.723306e+04
2.780258e+04
2.846800e+04
2.932318e+04
3.160924e+04
3.605421e+04
3.719010e+04
3.721527e+04
4.097875e+04
4.116646e+04
4.575062e+04
5.213236e+04
5.495139e+04
6.148545e+04
6.253062e+04
6.482682e+04
7.158073e+04
8.442361e+04
8.720623e+04
9.976972e+04
1.075630e+05
1.167671e+05
1.176856e+05
1.651281e+05
1.792168e+05
1.823619e+05
1.967387e+05
2.049434e+05
2.050178e+05
2.224107e+05
2.277532e+05
2.288053e+05
2.484973e+05
2.529324e+05
2.604719e+05
2.801446e+05
2.815599e+05
3.022420e+05
4.106515e+05
4.341580e+05
4.720702e+05
4.726066e+05
6.075439e+05
6.494069e+05
6.545563e+05
7.131469e+05
8.441149e+05
8.780130e+05
9.744749e+05
1.341433e+06
1.518509e+06
1.683426e+06
1.711614e+06
1.929959e+06
2.094442e+06
2.239732e+06
2.268735e+06
2.553396e+06
2.716025e+06
2.806999e+06
2.922178e+06
3.348136e+06
3.348816e+06
3.377869e+06
3.437312e+06
3.838240e+06
4.018393e+06
4.717778e+06
4.728564e+06
4.985723e+06
5.356110e+06
7.103130e+06
7.568300e+06
7.933251e+06
7.940509e+06
8.954394e+06
9.994278e+06
1.034525e+07
1.040587e+07
1.138887e+07
1.142811e+07
1.263108e+07
1.308092e+07
1.321482e+07
1.338487e+07
1.752104e+07
1.828839e+07
1.944192e+07
1.958777e+07
2.003161e+07
2.085182e+07
2.087415e+07
2.159496e+07
2.462555e+07
2.544559e+07
2.568506e+07
2.883992e+07
2.959567e+07
3.627700e+07
3.809201e+07
4.297274e+07
4.524335e+07
5.026882e+07
5.348888e+07
5.421941e+07
5.985826e+07
6.580552e+07
7.954473e+07
8.764234e+07
8.899650e+07
8.921328e+07
9.207354e+07
9.223931e+07
9.700087e+07
1.020791e+08
1.033247e+08
1.053948e+08
1.068501e+08
1.068598e+08
1.084304e+08
1.208850e+08
1.219867e+08
1.314746e+08
1.342627e+08
1.518760e+08
1.597936e+08
1.681293e+08
1.785034e+08
1.795811e+08
1.812046e+08
1.831993e+08
1.940021e+08
1.959653e+08
1.970727e+08
1.989418e+08
2.305911e+08
2.471062e+08
2.650188e+08
2.653133e+08
2.806740e+08
2.914419e+08
3.306637e+08
3.318673e+08
3.765436e+08
3.882997e+08
4.108304e+08
4.800834e+08
4.872246e+08
5.623847e+08
5.624792e+08
5.912753e+08
8.363438e+08
8.654067e+08
9.274034e+08
9.439443e+08
1.079153e+09
1.081347e+09
1.199831e+09
1.266872e+09
1.359697e+09
1.527049e+09
1.553592e+09
1.564420e+09
1.784300e+09
1.797570e+09
1.936981e+09
2.144407e+09
2.336916e+09
2.373881e+09
2.801686e+09
3.674956e+09
4.670124e+09
4.912741e+09
4.947275e+09
4.959753e+09
6.214355e+09
6.507055e+09
6.934173e+09
7.560277e+09
7.707956e+09
7.815469e+09
7.889552e+09
7.974521e+09
8.005816e+09
8.218031e+09
1.017222e+10
1.165296e+10
1.223851e+10
1.652086e+10
1.753996e+10
1.885167e+10
1.896539e+10
2.011778e+10
2.388281e+10
2.510750e+10
2.812939e+10
2.862113e+10
2.864222e+10
3.093929e+10
3.206255e+10
3.265610e+10
3.290369e+10
3.314977e+10
4.044003e+10
4.459004e+10
5.062701e+10
5.239896e+10
5.658176e+10
5.979258e+10
6.835160e+10
7.319761e+10
7.858055e+10
8.086275e+10
9.343124e+10
9.658653e+10
1.059308e+11
1.223507e+11
1.234272e+11
1.246289e+11
1.261609e+11
1.293036e+11
1.362110e+11
1.406604e+11
1.897299e+11
1.915569e+11
2.057567e+11
2.231441e+11
2.261373e+11
2.285195e+11
2.601813e+11
2.624819e+11
2.644710e+11
2.733710e+11
3.634887e+11
4.242660e+11
4.485663e+11
4.813369e+11
5.021081e+11
5.772402e+11
5.958348e+11
6.000911e+11
7.174340e+11
8.088737e+11
8.335028e+11
8.404813e+11
9.054846e+11
1.007501e+12
1.012301e+12
1.032113e+12
1.039068e+12
1.071434e+12
1.158485e+12
1.432303e+12
1.515086e+12
1.605661e+12
1.626646e+12
1.723244e+12
1.772680e+12
1.804900e+12
1.814530e+12
2.052520e+12
2.093240e+12
2.285144e+12
2.370091e+12
2.991560e+12
3.292719e+12
3.301385e+12
3.435237e+12
3.445868e+12
3.725912e+12
4.135494e+12
4.226050e+12
4.227919e+12
4.262988e+12
4.729059e+12
5.503785e+12
6.268253e+12
6.558374e+12
7.121908e+12
7.933211e+12
8.319500e+12
8.588548e+12
8.839433e+12
1.037193e+13
1.106258e+13
1.141944e+13
1.351525e+13
1.427021e+13
1.433826e+13
1.441138e+13
1.444152e+13
1.643895e+13
1.675407e+13
1.791133e+13
1.981732e+13
1.987899e+13
2.516553e+13
2.594642e+13
2.717795e+13
2.738821e+13
2.794730e+13
2.824684e+13
3.190096e+13
3.192404e+13
3.212641e+13
3.236799e+13
3.457513e+13
3.480587e+13
4.144899e+13
4.311208e+13
4.857789e+13
4.916059e+13
4.919795e+13
5.200384e+13
5.318429e+13
5.336353e+13
5.403583e+13
5.463607e+13
5.530577e+13
5.572421e+13
5.849621e+13
6.575130e+13
7.251937e+13
7.469247e+13
8.073174e+13
8.135336e+13
8.852806e+13
9.503079e+13
9.583335e+13
9.689756e+13
1.215740e+14
1.249902e+14
1.393511e+14
1.793776e+14
2.275328e+14
2.553564e+14
2.745583e+14
2.777059e+14
2.996111e+14
3.118324e+14
3.174823e+14
3.189114e+14
3.306027e+14
3.319734e+14
3.506564e+14
3.738181e+14
4.502052e+14
5.195839e+14
5.420804e+14
5.820941e+14
6.787131e+14
7.456788e+14
7.606311e+14
7.769748e+14
7.899904e+14
9.100443e+14
9.336972e+14
9.345399e+14
1.099816e+15
1.115603e+15
1.281954e+15
1.475421e+15
1.645350e+15
1.678346e+15
1.766703e+15
1.960858e+15
2.106263e+15
2.107908e+15
2.152288e+15
2.168623e+15
2.428408e+15
2.465566e+15
2.611326e+15
2.731126e+15
3.663045e+15
4.006813e+15
4.111681e+15
4.816023e+15
4.952041e+15
5.239498e+15
5.361053e+15
6.191108e+15
6.468953e+15
6.724013e+15
6.952344e+15
7.012386e+15
7.107209e+15
7.423064e+15
8.050994e+15
8.287507e+15
8.461329e+15
9.017349e+15
9.261663e+15
9.964006e+15
1.082604e+16
1.110546e+16
1.221256e+16
1.291296e+16
1.377434e+16
1.431047e+16
1.560179e+16
1.581163e+16
1.603094e+16
1.639934e+16
1.673649e+16
1.758462e+16
2.009259e+16
2.556751e+16
2.562336e+16
3.004248e+16
3.278632e+16
3.418666e+16
3.862471e+16
4.073601e+16
4.782343e+16
4.852139e+16
5.113118e+16
5.117399e+16
6.730912e+16
6.968185e+16
6.986614e+16
7.105201e+16
8.241871e+16
8.891110e+16
9.695984e+16
9.887967e+16
9.987834e+16
1.024694e+17
1.180465e+17
1.207143e+17
1.319971e+17
1.668851e+17
1.746214e+17
1.764621e+17
1.784563e+17
2.037847e+17
2.244844e+17
2.581361e+17
4.032499e+17
4.112934e+17
4.320125e+17
4.324676e+17
4.327140e+17
4.750221e+17
5.102661e+17
5.141864e+17
6.292217e+17
6.679124e+17
8.779839e+17
9.304590e+17
9.346709e+17
9.442523e+17
9.458565e+17
9.771344e+17
1.045664e+18
1.203816e+18
1.233195e+18
1.293696e+18
1.421418e+18
1.479276e+18
1.506330e+18
1.578368e+18
1.810663e+18
1.970009e+18
2.016593e+18
2.061411e+18
2.086979e+18
2.127833e+18
2.236974e+18
2.362246e+18
2.576373e+18
2.928724e+18
3.235615e+18
3.453397e+18
3.472694e+18
3.498037e+18
3.672713e+18
3.946428e+18
4.162339e+18
4.186030e+18
4.339140e+18
5.225364e+18
5.335216e+18
5.506586e+18
5.970915e+18
6.358253e+18
7.149591e+18
7.152583e+18
7.979216e+18
9.053451e+18
9.156091e+18
9.224627e+18
1.062808e+19
1.228470e+19
1.267214e+19
1.309259e+19
1.319256e+19
1.496008e+19
1.533672e+19
1.596654e+19
1.672090e+19
1.808793e+19
1.941743e+19
2.065587e+19
2.975311e+19
3.303265e+19
3.426029e+19
3.428852e+19
3.915525e+19
4.059650e+19
4.170666e+19
4.197131e+19
4.887737e+19
5.227686e+19
5.511584e+19
6.631378e+19
6.846119e+19
6.965430e+19
7.160827e+19
7.210656e+19
8.382245e+19
8.980167e+19
9.281450e+19
9.679899e+19
1.150409e+20
1.201599e+20
1.731659e+20
1.825348e+20
1.884150e+20
2.013272e+20
2.053023e+20
2.078421e+20
2.135255e+20
2.205485e+20
2.512346e+20
2.524737e+20
2.560824e+20
2.629804e+20
2.638999e+20
2.905963e+20
3.378902e+20
3.397330e+20
4.259695e+20
4.269917e+20
4.347036e+20
4.382375e+20
4.472956e+20
4.551783e+20
4.606342e+20
4.712195e+20
4.750842e+20
5.666210e+20
6.163288e+20
6.718205e+20
7.277127e+20
7.604056e+20
7.866536e+20
8.001144e+20
8.068406e+20
8.396941e+20
8.612005e+20
9.168705e+20
9.207814e+20
1.136530e+21
1.160630e+21
1.236320e+21
1.359992e+21
1.434987e+21
1.535245e+21
1.610329e+21
1.822424e+21
1.972684e+21
2.069844e+21
2.106754e+21
2.253902e+21
2.275157e+21
2.537510e+21
2.654242e+21
2.839443e+21
3.250036e+21
3.332204e+21
3.414485e+21
4.144932e+21
4.370750e+21
4.398835e+21
4.441127e+21
4.662779e+21
4.992850e+21
5.619762e+21
6.074438e+21
6.376938e+21
7.921933e+21
8.665700e+21
9.109795e+21
9.155914e+21
9.527732e+21
9.550611e+21
1.053432e+22
1.189725e+22
1.204201e+22
1.307792e+22
1.345609e+22
1.366980e+22
1.419133e+22
1.456428e+22
1.466497e+22
1.502231e+22
1.584415e+22
1.833815e+22
1.834627e+22
1.973314e+22
2.053612e+22
2.106609e+22
2.465316e+22
2.474945e+22
3.237197e+22
3.251653e+22
3.412671e+22
3.571980e+22
3.659566e+22
3.822098e+22
4.775319e+22
5.090836e+22
5.422374e+22
5.426015e+22
6.112249e+22
6.278609e+22
6.557676e+22
6.790649e+22
7.305606e+22
7.478219e+22
1.032490e+23
1.071565e+23
1.129891e+23
1.208753e+23
1.248287e+23
1.262372e+23
1.315476e+23
1.338457e+23
1.383326e+23
1.598362e+23
1.603630e+23
1.664687e+23
1.695248e+23
2.136572e+23
2.166022e+23
2.309555e+23
2.668818e+23
2.899818e+23
3.345366e+23
3.562753e+23
3.608681e+23
4.061659e+23
4.109489e+23
4.142286e+23
4.415860e+23
4.418068e+23
5.822693e+23
5.864566e+23
5.987494e+23
6.014661e+23
6.048360e+23
7.516855e+23
7.695977e+23
7.738056e+23
8.940340e+23
1.035104e+24
1.038915e+24
1.193882e+24
1.390686e+24
1.629168e+24
1.724658e+24
2.163134e+24
2.318301e+24
2.369382e+24
2.391867e+24
2.399256e+24
2.419753e+24
3.233941e+24
3.858844e+24
4.095188e+24
4.356504e+24
4.649785e+24
5.138940e+24
5.189199e+24
5.219891e+24
5.536828e+24
5.825124e+24
6.343751e+24
7.498997e+24
7.692805e+24
8.111878e+24
8.899151e+24
9.288684e+24
9.595258e+24
9.758887e+24
9.791989e+24
1.029045e+25
1.087659e+25
1.092083e+25
1.206811e+25
1.418584e+25
1.535189e+25
1.539065e+25
1.644258e+25
1.703205e+25
1.793863e+25
2.194309e+25
2.674772e+25
2.809914e+25
2.820421e+25
2.992254e+25
3.274957e+25
3.322332e+25
3.550845e+25
4.440793e+25
6.858069e+25
7.221175e+25
9.138473e+25
9.851945e+25
1.024075e+26
1.058173e+26
1.109818e+26
1.276984e+26
1.289084e+26
1.419595e+26
1.648576e+26
1.769516e+26
1.824897e+26
1.943106e+26
2.100227e+26
2.278375e+26
2.378747e+26
2.441350e+26
2.661293e+26
2.896760e+26
2.921686e+26
4.070501e+26
5.304620e+26
5.474479e+26
6.059748e+26
6.504225e+26
7.448365e+26
7.831128e+26
8.849051e+26
8.945432e+26
9.137577e+26
1.050878e+27
1.109253e+27
1.117026e+27
1.219800e+27
1.222924e+27
1.297562e+27
1.518055e+27
1.705655e+27
2.135370e+27
2.172942e+27
2.343179e+27
2.537845e+27
2.663414e+27
2.769362e+27
2.963372e+27
3.096114e+27
3.096540e+27
3.316951e+27
3.818486e+27
3.931733e+27
4.067838e+27
4.359415e+27
4.457150e+27
5.230642e+27
6.050815e+27
6.256937e+27
6.674063e+27
7.343026e+27
7.636750e+27
8.234585e+27
8.361227e+27
8.985156e+27
1.032777e+28
1.147184e+28
1.194019e+28
1.204489e+28
1.271969e+28
1.298335e+28
1.321097e+28
1.330108e+28
1.796824e+28
1.835868e+28
1.849855e+28
1.924979e+28
1.984994e+28
2.032448e+28
2.117066e+28
2.298758e+28
2.881188e+28
2.915676e+28
2.940835e+28
3.019160e+28
3.061283e+28
3.423772e+28
3.565878e+28
3.570288e+28
3.590767e+28
3.714000e+28
4.406271e+28
4.511210e+28
4.809413e+28
5.852500e+28
6.313974e+28
6.481108e+28
6.524813e+28
6.600571e+28
6.984086e+28
7.642714e+28
7.704032e+28
7.738967e+28
7.786736e+28
8.424868e+28
8.473015e+28
8.918706e+28
9.936726e+28
1.089046e+29
1.143653e+29
1.178646e+29
1.439528e+29
1.535518e+29
1.588487e+29
1.685486e+29
1.717517e+29
1.877721e+29
2.002601e+29
2.228358e+29
2.434977e+29
2.495859e+29
2.563049e+29
2.958540e+29
3.466094e+29
4.064428e+29
4.699498e+29
4.963496e+29
5.364304e+29
5.403750e+29
5.424277e+29
6.179620e+29
6.205897e+29
8.738262e+29
8.800615e+29
9.506495e+29
9.683615e+29
9.911097e+29
1.108069e+30
1.232097e+30
1.297389e+30
1.648515e+30
1.668701e+30
2.056694e+30
2.297215e+30
2.379048e+30
2.802074e+30
2.857773e+30
2.890467e+30
3.106939e+30
3.703571e+30
3.970192e+30
4.189485e+30
4.312046e+30
4.432787e+30
4.697976e+30
4.942874e+30
5.164889e+30
5.912970e+30
5.927103e+30
6.331023e+30
6.515942e+30
6.798081e+30
8.801039e+30
9.228855e+30
9.266865e+30
9.686349e+30
9.786546e+30
1.355523e+31
1.415643e+31
1.787857e+31
1.822419e+31
2.324670e+31
2.575973e+31
2.631143e+31
2.756516e+31
2.832537e+31
2.967757e+31
3.137084e+31
3.607223e+31
3.995384e+31
4.003104e+31
4.076432e+31
4.134479e+31
4.356150e+31
5.794557e+31
6.682644e+31
8.023325e+31
8.802704e+31
8.987834e+31
1.028171e+32
1.253114e+32
1.336988e+32
1.475149e+32
1.522654e+32
1.578043e+32
1.606746e+32
1.666195e+32
1.689695e+32
2.196343e+32
2.566166e+32
2.834078e+32
2.866375e+32
2.953860e+32
2.972110e+32
3.055369e+32
3.124485e+32
3.919170e+32
4.634097e+32
6.478500e+32
6.892043e+32
7.191526e+32
7.605308e+32
8.334014e+32
9.252524e+32
1.040894e+33
1.048625e+33
1.050447e+33
1.054894e+33
1.074041e+33
1.131425e+33
1.146062e+33
1.155951e+33
1.159356e+33
1.221780e+33
1.341274e+33
1.350096e+33
1.565115e+33
1.595305e+33
1.836595e+33
1.925766e+33
1.930479e+33
2.057707e+33
2.161408e+33
2.193936e+33
2.261314e+33
2.312261e+33
2.357405e+33
2.359711e+33
2.480605e+33
2.622673e+33
2.650079e+33
2.869198e+33
3.132768e+33
3.161714e+33
3.267936e+33
3.301138e+33
3.855180e+33
4.646719e+33
5.645710e+33
5.877721e+33
6.337916e+33
6.552695e+33
6.789116e+33
7.185812e+33
7.336963e+33
7.345422e+33
7.437661e+33
7.718539e+33
7.837875e+33
7.877903e+33
7.982466e+33
1.173468e+34
1.176480e+34
1.423200e+34
1.464269e+34
1.470673e+34
1.504147e+34
1.861485e+34
1.937864e+34
1.999951e+34
2.242558e+34
2.402522e+34
2.469979e+34
2.479444e+34
2.529434e+34
2.689713e+34
2.786192e+34
3.077482e+34
3.142986e+34
3.623298e+34
3.707687e+34
4.544622e+34
4.799808e+34
4.845467e+34
6.203735e+34
6.353952e+34
6.542213e+34
7.092634e+34
7.300544e+34
8.063962e+34
8.548183e+34
9.918360e+34
1.120341e+35
1.247581e+35
1.415282e+35
1.603935e+35
1.612624e+35
1.630300e+35
1.632550e+35
1.716863e+35
2.111502e+35
2.552162e+35
2.879142e+35
3.159022e+35
3.214831e+35
3.326438e+35
3.329492e+35
3.617745e+35
4.378198e+35
4.417444e+35
4.646232e+35
5.001463e+35
5.060916e+35
5.183773e+35
5.356496e+35
5.569069e+35
6.246483e+35
6.329473e+35
6.644363e+35
9.632005e+35
1.013626e+36
1.201547e+36
1.250698e+36
1.301791e+36
1.416228e+36
1.465326e+36
1.868273e+36
2.000891e+36
2.081813e+36
2.576954e+36
3.107185e+36
3.172085e+36
3.214705e+36
3.540765e+36
3.839154e+36
4.119584e+36
4.270098e+36
4.364036e+36
4.492471e+36
5.041615e+36
5.071629e+36
5.157016e+36
5.381620e+36
5.739251e+36
6.028610e+36
6.280584e+36
7.130607e+36
7.286485e+36
7.632923e+36
7.930135e+36
8.025571e+36
8.074581e+36
8.134644e+36
8.615666e+36
9.350733e+36
9.468613e+36
1.130357e+37
1.199403e+37
1.260375e+37
1.445615e+37
1.651271e+37
1.666908e+37
1.741463e+37
2.081717e+37
2.227066e+37
2.464693e+37
2.584137e+37
2.712891e+37
3.051170e+37
3.066299e+37
3.068569e+37
3.105752e+37
3.492816e+37
3.584118e+37
4.856736e+37
5.352043e+37
5.736789e+37
6.093145e+37
6.188667e+37
6.437463e+37
7.006058e+37
7.434721e+37
7.593480e+37
7.861013e+37
7.907640e+37
8.222253e+37
8.234275e+37
8.714858e+37
1.117982e+38
1.193024e+38
1.233289e+38
1.245008e+38
1.326715e+38
1.327489e+38
1.350011e+38
1.371729e+38
1.394354e+38
1.477200e+38
1.527554e+38
1.677526e+38
1.716678e+38
1.774175e+38
2.064611e+38
2.540548e+38
2.753736e+38
3.132473e+38
3.206983e+38
3.224804e+38
3.361350e+38
6.805647e+38
6.805647e+38
6.805647e+38
6.805647e+38
6.805647e+38
6.805647e+38
6.805647e+38
6.805647e+38
6.805647e+38
6.805647e+38
6.805647e+38
6.805647e+38
-6.107169e-39
-9.291366e-39
-9.752927e-39
-1.498887e-38
-1.562070e-38
-1.567487e-38
-1.631794e-38
-1.850729e-38
-2.169340e-38
-2.261150e-38
-2.276881e-38
-2.637303e-38
-2.882009e-38
-2.948753e-38
-3.158871e-38
-3.180401e-38
-3.745066e-38
-3.995701e-38
-4.054544e-38
-4.307905e-38
-4.441082e-38
-7.774045e-38
-7.897008e-38
-8.602690e-38
-8.977706e-38
-9.415949e-38
-9.523664e-38
-9.632171e-38
-1.006777e-37
-1.141996e-37
-1.169501e-37
-1.266744e-37
-1.284566e-37
-1.431580e-37
-1.465500e-37
-1.501431e-37
-1.518302e-37
-1.594386e-37
-1.615579e-37
-1.836359e-37
-2.115245e-37
-2.233873e-37
-2.284490e-37
-2.380893e-37
-2.410352e-37
-2.595010e-37
-3.007786e-37
-3.244384e-37
-3.252716e-37
-3.567503e-37
-3.592516e-37
-3.867442e-37
-3.884503e-37
-3.914656e-37
-4.026298e-37
-4.975525e-37
-5.057730e-37
-5.664350e-37
-6.440581e-37
-7.020117e-37
-7.859782e-37
-8.511365e-37
-9.344179e-37
-9.374691e-37
-1.202121e-36
-1.311806e-36
-1.322073e-36
-1.349937e-36
-1.425106e-36
-1.496941e-36
-1.737249e-36
-1.852533e-36
-1.950381e-36
-1.994857e-36
-2.045277e-36
-2.221960e-36
-2.313818e-36
-2.516226e-36
-2.839233e-36
-3.325598e-36
-4.019354e-36
-4.445697e-36
-4.670926e-36
-5.069663e-36
-7.417679e-36
-7.982382e-36
-9.569912e-36
-1.171654e-35
-1.187719e-35
-1.197578e-35
-1.421500e-35
-1.483086e-35
-1.525521e-35
-1.553812e-35
-1.649145e-35
-1.986061e-35
-2.104139e-35
-2.147340e-35
-2.177491e-35
-2.280623e-35
-2.826652e-35
-2.911504e-35
-3.655270e-35
-4.295697e-35
-4.731096e-35
-4.850203e-35
-4.910466e-35
-5.283380e-35
-5.642309e-35
-5.859382e-35
-6.323721e-35
-8.538109e-35
-8.942590e-35
-9.115175e-35
-9.171243e-35
-1.036467e-34
-1.478010e-34
-1.573346e-34
-1.707713e-34
-1.820180e-34
-1.904341e-34
-2.013157e-34
-2.188510e-34
-2.316917e-34
-2.327723e-34
-2.411695e-34
-2.605166e-34
-2.731874e-34
-2.778649e-34
-3.019436e-34
-3.438491e-34
-3.453869e-34
-3.543737e-34
-3.698726e-34
-3.755353e-34
-3.814150e-34
-3.823407e-34
-3.843187e-34
-4.837282e-34
-5.260759e-34
-5.402154e-34
-5.542690e-34
-5.739919e-34
-6.036742e-34
-6.417924e-34
-6.583426e-34
-6.680100e-34
-7.110527e-34
-7.226629e-34
-1.055173e-33
-1.223037e-33
-1.269282e-33
-1.295595e-33
-1.346862e-33
-1.353869e-33
-1.472302e-33
-1.816186e-33
-2.887316e-33
-2.939733e-33
-2.976981e-33
-3.059832e-33
-3.552023e-33
-3.874157e-33
-3.882045e-33
-4.643576e-33
-4.910865e-33
-5.118836e-33
-5.317178e-33
-5.457085e-33
-5.868711e-33
-6.987955e-33
-7.031448e-33
-7.738481e-33
-9.288477e-33
-1.023208e-32
-1.037329e-32
-1.248086e-32
-1.277118e-32
-1.331529e-32
-1.390276e-32
-1.632263e-32
-1.916835e-32
-1.993682e-32
-2.051847e-32
-2.265199e-32
-2.292058e-32
-2.690157e-32
-2.705423e-32
-2.746814e-32
-3.127814e-32
-3.292949e-32
-3.772134e-32
-3.907932e-32
-4.117864e-32
-4.530766e-32
-5.405815e-32
-6.516026e-32
-7.174887e-32
-8.256756e-32
-8.413259e-32
-9.797650e-32
-1.001144e-31
-1.015873e-31
-1.120804e-31
-1.219064e-31
-1.251498e-31
-1.337073e-31
-1.341705e-31
-1.405718e-31
-1.449832e-31
-1.534965e-31
-1.673182e-31
-1.728479e-31
-1.885143e-31
-1.888713e-31
-2.043168e-31
-2.131491e-31
-2.238551e-31
-2.359797e-31
-2.550067e-31
-2.555105e-31
-2.572037e-31
-2.600396e-31
-2.925967e-31
-3.635805e-31
-4.575004e-31
-4.714669e-31
-4.956353e-31
-5.997102e-31
-6.288165e-31
-6.450458e-31
-6.523120e-31
-7.004281e-31
-7.620593e-31
-8.053973e-31
-8.123730e-31
-9.957469e-31
-1.223684e-30
-1.287825e-30
-1.421507e-30
-1.496069e-30
-1.496959e-30
-1.716871e-30
-1.823557e-30
-1.916337e-30
-1.947826e-30
-2.103078e-30
-2.224437e-30
-2.386169e-30
-2.441659e-30
-2.551585e-30
-2.620001e-30
-2.804465e-30
-3.087017e-30
-3.257146e-30
-3.852185e-30
-3.870476e-30
-4.029546e-30
-4.064652e-30
-4.213140e-30
-4.376912e-30
-4.837627e-30
-4.924424e-30
-6.229073e-30
-6.456392e-30
-6.778253e-30
-7.391896e-30
-7.831843e-30
-8.978700e-30
-9.356523e-30
-9.815780e-30
-9.975718e-30
-1.063950e-29
-1.086849e-29
-1.201504e-29
-1.335835e-29
-1.382987e-29
-1.679219e-29
-2.082481e-29
-2.225844e-29
-2.576894e-29
-2.594083e-29
-2.620288e-29
-2.943083e-29
-3.483976e-29
-3.702231e-29
-4.035609e-29
-4.163930e-29
-4.294319e-29
-4.861055e-29
-4.956357e-29
-5.515547e-29
-5.886296e-29
-6.207038e-29
-6.463328e-29
-6.910807e-29
-7.041774e-29
-7.268547e-29
-7.432624e-29
-7.607260e-29
-8.342539e-29
-9.016859e-29
-9.785090e-29
-9.864111e-29
-1.422664e-28
-1.460699e-28
-1.817748e-28
-1.911175e-28
-1.941744e-28
-1.964138e-28
-1.971643e-28
-2.058435e-28
-2.152968e-28
-2.157687e-28
-2.333866e-28
-2.344656e-28
-2.361962e-28
-2.449488e-28
-2.638208e-28
-2.688887e-28
-2.910826e-28
-2.934984e-28
-3.294641e-28
-3.983765e-28
-5.108269e-28
-5.494947e-28
-6.333098e-28
-7.085663e-28
-7.555526e-28
-7.582183e-28
-7.620592e-28
-1.098159e-27
-1.230948e-27
-1.275949e-27
-1.340001e-27
-1.396856e-27
-1.418654e-27
-1.551048e-27
-1.577172e-27
-1.693355e-27
-2.146662e-27
-2.186680e-27
-2.211517e-27
-2.381067e-27
-2.500222e-27
-2.694919e-27
-3.006263e-27
-3.168897e-27
-3.577797e-27
-5.515948e-27
-5.627716e-27
-7.374771e-27
-8.506865e-27
-8.529607e-27
-8.883813e-27
-9.266042e-27
-1.006956e-26
-1.170305e-26
-1.199833e-26
-1.210540e-26
-1.433256e-26
-1.875866e-26
-2.115381e-26
-2.259621e-26
-2.292147e-26
-2.697710e-26
-2.704102e-26
-3.324718e-26
-3.375972e-26
-3.447054e-26
-3.548150e-26
-4.078557e-26
-4.240271e-26
-4.688178e-26
-4.798613e-26
-5.143390e-26
-5.150819e-26
-5.308222e-26
-5.413801e-26
-5.958040e-26
-6.089372e-26
-7.211556e-26
-8.413401e-26
-9.413933e-26
-9.673623e-26
-1.004524e-25
-1.373825e-25
-1.778522e-25
-1.944265e-25
-2.347714e-25
-2.352256e-25
-2.366190e-25
-2.940314e-25
-3.080034e-25
-3.254781e-25
-3.291283e-25
-3.311064e-25
-3.416272e-25
-3.572604e-25
-4.085788e-25
-4.201149e-25
-4.350852e-25
-4.383731e-25
-4.521755e-25
-4.721277e-25
-4.886657e-25
-5.109216e-25
-5.147112e-25
-5.877076e-25
-6.340003e-25
-6.768768e-25
-7.218826e-25
-7.394266e-25
-8.195595e-25
-8.317518e-25
-8.597752e-25
-8.620181e-25
-9.151081e-25
-9.344496e-25
-9.355442e-25
-1.242470e-24
-1.284715e-24
-1.498836e-24
-1.499173e-24
-1.525003e-24
-1.548395e-24
-1.555725e-24
-1.566916e-24
-1.598561e-24
-1.625413e-24
-1.938348e-24
-2.131927e-24
-2.478201e-24
-2.736021e-24
-2.826367e-24
-2.836218e-24
-2.842682e-24
-2.846838e-24
-2.856680e-24
-2.911860e-24
-2.945710e-24
-2.954059e-24
-3.259444e-24
-3.489430e-24
-3.501444e-24
-3.645570e-24
-3.868730e-24
-4.631589e-24
-4.802316e-24
-5.197413e-24
-5.511790e-24
-5.883120e-24
-5.975947e-24
-7.088462e-24
-7.333998e-24
-8.647668e-24
-9.020393e-24
-9.147936e-24
-1.047057e-23
-1.105919e-23
-1.106779e-23
-1.140200e-23
-1.141615e-23
-1.169742e-23
-1.185303e-23
-1.199755e-23
-1.325376e-23
-1.387983e-23
-1.570148e-23
-1.573096e-23
-1.692707e-23
-1.715319e-23
-1.864687e-23
-1.885184e-23
-2.269246e-23
-2.475326e-23
-2.633463e-23
-3.030209e-23
-3.037065e-23
-3.056631e-23
-3.431132e-23
-3.537439e-23
-4.044180e-23
-4.105207e-23
-4.322886e-23
-4.325790e-23
-5.256384e-23
-5.938556e-23
-5.964811e-23
-5.974903e-23
-6.005779e-23
-6.079540e-23
-6.603276e-23
-7.715135e-23
-8.182002e-23
-8.834236e-23
-9.132368e-23
-9.655896e-23
-9.706681e-23
-9.781651e-23
-1.014782e-22
-1.056893e-22
-1.121300e-22
-1.276006e-22
-1.431149e-22
-1.695692e-22
-1.747278e-22
-1.888348e-22
-1.969509e-22
-2.470893e-22
-2.493441e-22
-2.595791e-22
-2.647548e-22
-3.460240e-22
-3.933830e-22
-4.011856e-22
-4.971178e-22
-5.280544e-22
-5.640003e-22
-6.276790e-22
-6.478847e-22
-6.503471e-22
-6.759236e-22
-6.872792e-22
-7.381385e-22
-7.936969e-22
-7.978707e-22
-8.214039e-22
-8.381090e-22
-9.349118e-22
-1.028379e-21
-1.134140e-21
-1.160023e-21
-1.235515e-21
-1.395537e-21
-1.419903e-21
-1.473719e-21
-1.556124e-21
-1.590632e-21
-1.672968e-21
-1.751331e-21
-1.987453e-21
-2.145929e-21
-2.165914e-21
-2.223929e-21
-2.382470e-21
-2.557917e-21
-2.575001e-21
-2.689958e-21
-2.864011e-21
-3.237995e-21
-3.404862e-21
-4.304765e-21
-4.765289e-21
-5.033332e-21
-5.086296e-21
-5.388349e-21
-5.716355e-21
-5.759348e-21
-5.827170e-21
-5.872153e-21
-6.133757e-21
-6.310778e-21
-7.870931e-21
-7.975733e-21
-8.228344e-21
-9.196615e-21
-9.920972e-21
-1.069184e-20
-1.169454e-20
-1.211120e-20
-1.225204e-20
-1.860631e-20
-1.973699e-20
-2.103091e-20
-2.186868e-20
-2.211353e-20
-2.336515e-20
-2.399361e-20
-2.462209e-20
-2.510262e-20
-2.715679e-20
-3.159150e-20
-3.211637e-20
-3.261156e-20
-3.717892e-20
-3.859281e-20
-3.952544e-20
-5.071869e-20
-5.164280e-20
-5.485037e-20
-6.162236e-20
-6.341810e-20
-6.847011e-20
-7.239075e-20
-7.928348e-20
-8.094567e-20
-8.267670e-20
-8.356666e-20
-8.864779e-20
-9.249895e-20
-9.866710e-20
-1.015317e-19
-1.142546e-19
-1.325294e-19
-2.081043e-19
-2.642054e-19
-2.684489e-19
-3.104141e-19
-3.701899e-19
-3.898688e-19
-3.979678e-19
-4.147344e-19
-4.163814e-19
-4.219674e-19
-4.712533e-19
-5.532089e-19
-5.780515e-19
-6.114704e-19
-6.430742e-19
-6.665055e-19
-6.766533e-19
-6.949904e-19
-7.964335e-19
-8.178507e-19
-9.357902e-19
-1.025628e-18
-1.040500e-18
-1.088687e-18
-1.127927e-18
-1.133304e-18
-1.137076e-18
-1.216991e-18
-1.316027e-18
-2.111045e-18
-2.400672e-18
-2.479923e-18
-2.536568e-18
-2.897313e-18
-3.115390e-18
-3.131034e-18
-3.150415e-18
-3.390773e-18
-3.510769e-18
-3.588693e-18
-3.677795e-18
-3.882547e-18
-3.905441e-18
-4.044002e-18
-4.954412e-18
-6.138026e-18
-6.339654e-18
-6.485321e-18
-6.762012e-18
-7.680958e-18
-8.149071e-18
-9.478345e-18
-9.755502e-18
-1.019356e-17
-1.080208e-17
-1.111306e-17
-1.222033e-17
-1.288104e-17
-1.315574e-17
-1.485756e-17
-1.486294e-17
-1.511802e-17
-1.716871e-17
-1.732468e-17
-1.760915e-17
-1.825314e-17
-1.880116e-17
-2.330922e-17
-2.428267e-17
-2.528711e-17
-2.597730e-17
-2.709613e-17
-3.066197e-17
-3.252639e-17
-3.415557e-17
-3.483311e-17
-4.085202e-17
-4.187465e-17
-4.920201e-17
-5.208669e-17
-5.256873e-17
-5.739079e-17
-7.128126e-17
-7.844479e-17
-8.922173e-17
-1.028294e-16
-1.032516e-16
-1.052416e-16
-1.171201e-16
-1.179997e-16
-1.273642e-16
-1.536775e-16
-1.606821e-16
-1.635811e-16
-1.832582e-16
-2.046324e-16
-2.422363e-16
-2.501709e-16
-2.518630e-16
-3.385478e-16
-3.483913e-16
-3.781535e-16
-3.871692e-16
-3.982496e-16
-4.232665e-16
-5.277539e-16
-5.287464e-16
-6.156617e-16
-6.293446e-16
-7.372825e-16
-7.493619e-16
-7.495887e-16
-7.685064e-16
-7.907125e-16
-8.093094e-16
-8.617871e-16
-9.791871e-16
-1.035463e-15
-1.129505e-15
-1.155624e-15
-1.252737e-15
-1.255104e-15
-1.403095e-15
-1.431789e-15
-1.517791e-15
-1.618756e-15
-1.635848e-15
-1.663587e-15
-1.729276e-15
-1.912235e-15
-2.095110e-15
-2.351407e-15
-2.575055e-15
-2.833666e-15
-3.106109e-15
-3.115514e-15
-3.248194e-15
-3.358822e-15
-3.701792e-15
-3.749801e-15
-3.976200e-15
-4.230942e-15
-4.644127e-15
-4.688715e-15
-4.856450e-15
-4.955088e-15
-4.988840e-15
-6.408573e-15
-6.722238e-15
-6.811290e-15
-7.167143e-15
-7.618336e-15
-8.861647e-15
-9.479482e-15
-9.746574e-15
-9.920147e-15
-9.983718e-15
-1.091363e-14
-1.100422e-14
-1.164098e-14
-1.187886e-14
-1.208152e-14
-1.242644e-14
-1.408284e-14
-1.648273e-14
-2.066356e-14
-2.161689e-14
-2.449834e-14
-2.459753e-14
-2.729654e-14
-2.791998e-14
-2.887692e-14
-3.283268e-14
-3.396182e-14
-3.424070e-14
-3.657758e-14
-3.748999e-14
-3.973761e-14
-4.056199e-14
-4.458126e-14
-4.664117e-14
-4.878798e-14
-5.211051e-14
-5.444433e-14
-5.533129e-14
-7.135601e-14
-7.748650e-14
-7.965508e-14
-8.333372e-14
-8.590705e-14
-8.599989e-14
-9.083566e-14
-9.704897e-14
-9.746105e-14
-9.992978e-14
-1.070003e-13
-1.089674e-13
-1.100951e-13
-1.333953e-13
-1.454417e-13
-1.636032e-13
-1.659790e-13
-1.747920e-13
-2.193619e-13
-2.257985e-13
-2.500918e-13
-2.758508e-13
-2.844328e-13
-3.214117e-13
-3.309214e-13
-3.474120e-13
-3.823033e-13
-4.337734e-13
-4.359698e-13
-4.361366e-13
-5.163366e-13
-6.593557e-13
-6.903701e-13
-6.991246e-13
-7.480565e-13
-7.554680e-13
-8.589751e-13
-8.740911e-13
-1.250475e-12
-1.342396e-12
-1.493526e-12
-1.567615e-12
-1.575451e-12
-1.716718e-12
-1.727074e-12
-1.857098e-12
-2.335837e-12
-2.390068e-12
-2.446250e-12
-2.610331e-12
-2.777535e-12
-3.072426e-12
-3.207461e-12
-3.341248e-12
-3.574484e-12
-4.162090e-12
-4.922230e-12
-5.144379e-12
-5.483986e-12
-5.761739e-12
-5.897680e-12
-6.423770e-12
-6.446038e-12
-7.426284e-12
-7.651006e-12
-8.482931e-12
-8.644945e-12
-9.530365e-12
-9.669006e-12
-1.035509e-11
-1.053791e-11
-1.071722e-11
-1.451267e-11
-1.958617e-11
-1.969312e-11
-2.040071e-11
-2.045603e-11
-2.184381e-11
-2.225564e-11
-2.396946e-11
-2.501043e-11
-2.634174e-11
-2.712061e-11
-2.749515e-11
-2.828313e-11
-3.013213e-11
-3.114925e-11
-3.502974e-11
-3.862306e-11
-3.995204e-11
-4.358169e-11
-4.395047e-11
-4.913711e-11
-4.922621e-11
-5.489788e-11
-6.662138e-11
-6.800343e-11
-7.020610e-11
-8.348139e-11
-8.493030e-11
-9.038427e-11
-1.027125e-10
-1.029610e-10
-1.071890e-10
-1.146915e-10
-1.155245e-10
-1.246198e-10
-1.253652e-10
-1.363714e-10
-1.505567e-10
-1.621593e-10
-1.689721e-10
-1.697179e-10
-1.913832e-10
-2.207179e-10
-2.251360e-10
-2.273502e-10
-2.497384e-10
-2.679421e-10
-2.988767e-10
-3.410687e-10
-3.911295e-10
-4.317438e-10
-4.468791e-10
-4.649074e-10
-5.955823e-10
-6.163815e-10
-6.172941e-10
-6.616583e-10
-6.645998e-10
-6.867172e-10
-6.963906e-10
-7.076953e-10
-7.127695e-10
-7.172724e-10
-7.329372e-10
-8.191969e-10
-8.304632e-10
-8.620979e-10
-8.736261e-10
-9.098455e-10
-9.134599e-10
-9.991399e-10
-1.092718e-09
-1.206540e-09
-1.233898e-09
-1.277312e-09
-1.515088e-09
-1.644072e-09
-1.847954e-09
-2.238175e-09
-2.671892e-09
-2.776954e-09
-3.540413e-09
-3.568264e-09
-4.950314e-09
-5.114820e-09
-6.110756e-09
-6.254511e-09
-6.341653e-09
-6.528444e-09
-6.585068e-09
-6.987508e-09
-7.275553e-09
-7.276742e-09
-7.327070e-09
-8.388955e-09
-9.258410e-09
-9.917781e-09
-1.018773e-08
-1.020909e-08
-1.096381e-08
-1.234356e-08
-1.262805e-08
-1.391988e-08
-1.425414e-08
-1.464586e-08
-2.118963e-08
-2.153207e-08
-2.348404e-08
-2.442860e-08
-2.661400e-08
-2.831105e-08
-2.889334e-08
-3.610044e-08
-3.643930e-08
-4.107090e-08
-4.236005e-08
-4.316016e-08
-4.513199e-08
-5.003132e-08
-5.868795e-08
-6.362142e-08
-6.514976e-08
-6.586873e-08
-8.039071e-08
-8.684302e-08
-8.811206e-08
-9.203386e-08
-9.430946e-08
-9.723136e-08
-9.834920e-08
-1.000739e-07
-1.024302e-07
-1.100196e-07
-1.131638e-07
-1.285415e-07
-1.436026e-07
-1.591979e-07
-1.799390e-07
-1.851197e-07
-1.906400e-07
-1.927012e-07
-1.979689e-07
-2.055431e-07
-2.564494e-07
-2.894807e-07
-2.898159e-07
-3.045489e-07
-3.053600e-07
-3.075739e-07
-3.109930e-07
-3.493751e-07
-3.784900e-07
-4.291325e-07
-4.679128e-07
-5.577932e-07
-6.296985e-07
-6.759083e-07
-6.787178e-07
-7.127346e-07
-7.433873e-07
-7.592902e-07
-8.371412e-07
-9.066006e-07
-9.256817e-07
-1.182530e-06
-1.229152e-06
-1.287828e-06
-1.336120e-06
-1.463982e-06
-1.531541e-06
-1.540455e-06
-1.544915e-06
-1.703114e-06
-1.826418e-06
-1.848564e-06
-2.278699e-06
-2.279465e-06
-2.362701e-06
-2.578483e-06
-2.652390e-06
-2.815856e-06
-2.978604e-06
-3.103305e-06
-3.230131e-06
-4.137732e-06
-4.492899e-06
-4.686693e-06
-5.075789e-06
-5.076511e-06
-6.167855e-06
-6.547117e-06
-6.564839e-06
-7.063848e-06
-7.071750e-06
-7.344936e-06
-7.605245e-06
-8.372508e-06
-8.719127e-06
-9.678262e-06
-9.802945e-06
-1.007150e-05
-1.077129e-05
-1.266985e-05
-1.337086e-05
-1.404529e-05
-1.505731e-05
-1.697240e-05
-1.851908e-05
-1.854227e-05
-1.981309e-05
-2.030212e-05
-2.137341e-05
-2.206211e-05
-2.216331e-05
-2.286870e-05
-2.372384e-05
-2.817430e-05
-2.917609e-05
-3.170313e-05
-3.372402e-05
-3.683552e-05
-4.463308e-05
-4.853675e-05
-5.590497e-05
-7.481993e-05
-7.649030e-05
-8.171074e-05
-8.265634e-05
-8.695192e-05
-9.247549e-05
-9.359934e-05
-1.004067e-04
-1.184714e-04
-1.201947e-04
-1.299796e-04
-1.483829e-04
-1.544497e-04
-1.797462e-04
-1.833739e-04
-1.836539e-04
-2.039144e-04
-2.126544e-04
-2.318920e-04
-2.454429e-04
-2.901856e-04
-3.018997e-04
-3.092431e-04
-3.101746e-04
-3.168422e-04
-3.253815e-04
-3.371030e-04
-3.444499e-04
-3.467341e-04
-3.506536e-04
-3.669383e-04
-3.762195e-04
-4.350387e-04
-4.797389e-04
-5.808304e-04
-6.472249e-04
-6.769872e-04
-6.951084e-04
-7.934651e-04
-8.404438e-04
-8.611076e-04
-9.846363e-04
-1.042276e-03
-1.129288e-03
-1.465230e-03
-1.564471e-03
-1.577133e-03
-1.623704e-03
-1.724587e-03
-1.908967e-03
-2.018667e-03
-2.492482e-03
-2.659826e-03
-3.603605e-03
-4.071240e-03
-4.793490e-03
-5.815785e-03
-5.906017e-03
-6.009882e-03
-7.270766e-03
-7.428723e-03
-7.524241e-03
-8.732773e-03
-8.852795e-03
-9.068461e-03
-9.192669e-03
-9.625784e-03
-9.691909e-03
-9.753665e-03
-9.852573e-03
-1.198489e-02
-1.281181e-02
-1.295305e-02
-1.415812e-02
-1.470798e-02
-1.901278e-02
-1.971716e-02
-2.039612e-02
-2.087086e-02
-2.404717e-02
-2.518657e-02
-2.629130e-02
-2.676660e-02
-2.681483e-02
-2.709557e-02
-2.736177e-02
-3.628936e-02
-4.673203e-02
-5.042813e-02
-5.145464e-02
-5.427098e-02
-6.243137e-02
-7.569015e-02
-7.782978e-02
-9.125063e-02
-9.983440e-02
-1.071366e-01
-1.227315e-01
-1.229188e-01
-1.246298e-01
-1.590957e-01
-1.673066e-01
-1.773796e-01
-2.154139e-01
-2.196057e-01
-2.232788e-01
-2.459788e-01
-2.493303e-01
-2.846475e-01
-2.961880e-01
-3.226557e-01
-3.440125e-01
-3.883667e-01
-4.166802e-01
-4.421422e-01
-4.579460e-01
-4.627898e-01
-4.639331e-01
-4.735160e-01
-4.974087e-01
-5.156684e-01
-5.840434e-01
-6.519214e-01
-8.234247e-01
-8.479769e-01
-9.164959e-01
-9.752643e-01
-1.105671e+00
-1.128376e+00
-1.227250e+00
-1.278901e+00
-1.439726e+00
-1.540069e+00
-1.555612e+00
-1.569353e+00
-2.134949e+00
-2.230341e+00
-2.295546e+00
-2.326846e+00
-2.765338e+00
-2.872786e+00
-3.718718e+00
-3.815990e+00
-3.843126e+00
-4.478732e+00
-5.991791e+00
-7.266261e+00
-7.385570e+00
-8.225110e+00
-8.962052e+00
-9.560162e+00
-9.969409e+00
-1.037544e+01
-1.128443e+01
-1.287687e+01
-1.614338e+01
-1.635901e+01
-1.770657e+01
-1.826347e+01
-1.952059e+01
-2.229414e+01
-2.529253e+01
-2.626022e+01
-2.748280e+01
-2.778887e+01
-2.794000e+01
-2.876502e+01
-2.935814e+01
-2.945527e+01
-2.983678e+01
-2.996909e+01
-3.023557e+01
-3.185828e+01
-3.187683e+01
-3.345107e+01
-3.357229e+01
-3.404594e+01
-3.875108e+01
-4.065561e+01
-4.122226e+01
-4.165488e+01
-4.271494e+01
-4.404625e+01
-4.624959e+01
-4.887088e+01
-5.292605e+01
-5.453529e+01
-5.653003e+01
-5.701381e+01
-6.126668e+01
-6.359913e+01
-6.675410e+01
-6.738539e+01
-7.118505e+01
-7.471206e+01
-8.295995e+01
-8.671700e+01
-1.040522e+02
-1.075900e+02
-1.349304e+02
-1.375727e+02
-1.405884e+02
-1.419030e+02
-1.497775e+02
-1.526121e+02
-1.562672e+02
-1.571697e+02
-1.602514e+02
-1.653572e+02
-1.684892e+02
-1.780533e+02
-1.841597e+02
-1.855507e+02
-1.866192e+02
-1.888951e+02
-1.997045e+02
-2.166615e+02
-2.273225e+02
-2.288898e+02
-2.318398e+02
-2.553857e+02
-3.065056e+02
-3.315824e+02
-3.328920e+02
-3.888582e+02
-4.380656e+02
-4.465344e+02
-4.742261e+02
-4.958067e+02
-5.316194e+02
-5.548826e+02
-5.877820e+02
-7.043894e+02
-7.247230e+02
-7.874362e+02
-8.026503e+02
-8.996599e+02
-9.064158e+02
-9.783354e+02
-9.880057e+02
-1.154345e+03
-1.183918e+03
-1.458458e+03
-1.463950e+03
-1.561282e+03
-1.599828e+03
-1.609346e+03
-1.633000e+03
-1.808909e+03
-1.988346e+03
-2.060040e+03
-3.333741e+03
-3.452764e+03
-3.462717e+03
-3.524889e+03
-3.943615e+03
-4.452374e+03
-4.638665e+03
-6.536062e+03
-6.810728e+03
-6.826284e+03
-7.608103e+03
-7.688136e+03
-9.746824e+03
-1.022838e+04
-1.410469e+04
-1.483102e+04
-1.614058e+04
-2.163337e+04
-2.228321e+04
-2.707614e+04
-2.781887e+04
-2.851778e+04
-3.415615e+04
-3.473722e+04
-3.549124e+04
-3.629680e+04
-3.714552e+04
-4.122176e+04
-4.276109e+04
-4.296361e+04
-4.432245e+04
-4.487929e+04
-4.805121e+04
-4.875920e+04
-5.060572e+04
-5.084041e+04
-5.103872e+04
-5.315205e+04
-5.683778e+04
-5.725669e+04
-5.998730e+04
-6.095901e+04
-6.098052e+04
-6.172961e+04
-7.051950e+04
-7.429944e+04
-8.068615e+04
-8.098034e+04
-8.344661e+04
-8.444972e+04
-9.502877e+04
-1.018382e+05
-1.019453e+05
-1.092659e+05
-1.169447e+05
-1.234587e+05
-1.240320e+05
-1.348224e+05
-1.433686e+05
-1.771131e+05
-1.918999e+05
-2.028588e+05
-2.241776e+05
-2.246305e+05
-2.310484e+05
-2.340415e+05
-2.540696e+05
-3.292820e+05
-3.504747e+05
-3.650961e+05
-3.674388e+05
-3.682533e+05
-3.698760e+05
-3.714524e+05
-3.717332e+05
-3.871213e+05
-3.961240e+05
-4.405101e+05
-5.064062e+05
-5.457041e+05
-7.169462e+05
-7.536178e+05
-7.843870e+05
-8.293212e+05
-8.804924e+05
-8.928461e+05
-9.400507e+05
-9.525279e+05
-9.541623e+05
-9.725146e+05
-1.472331e+06
-1.574677e+06
-1.582456e+06
-1.600592e+06
-1.857302e+06
-1.907503e+06
-2.093094e+06
-2.272398e+06
-2.481999e+06
-2.618303e+06
-2.977926e+06
-3.856175e+06
-4.004687e+06
-4.011039e+06
-4.339740e+06
-4.474306e+06
-4.574780e+06
-4.581171e+06
-4.727179e+06
-4.812761e+06
-6.370352e+06
-6.778319e+06
-7.123279e+06
-7.381960e+06
-7.452745e+06
-8.365326e+06
-8.389405e+06
-9.719896e+06
-1.017486e+07
-1.045632e+07
-1.076625e+07
-1.089759e+07
-1.121506e+07
-1.178684e+07
-1.292540e+07
-1.497231e+07
-1.533901e+07
-1.604183e+07
-1.643837e+07
-1.674383e+07
-1.753406e+07
-2.048217e+07
-2.181232e+07
-2.307318e+07
-2.368190e+07
-2.485144e+07
-2.928528e+07
-3.018858e+07
-3.180924e+07
-3.284760e+07
-3.304333e+07
-3.349887e+07
-3.389827e+07
-3.593483e+07
-4.055207e+07
-4.475780e+07
-4.678326e+07
-5.177874e+07
-5.721246e+07
-5.908620e+07
-6.138998e+07
-6.336940e+07
-6.474109e+07
-7.900222e+07
-8.664650e+07
-8.952377e+07
-9.102172e+07
-9.465223e+07
-9.731416e+07
-9.759249e+07
-1.005674e+08
-1.070796e+08
-1.183508e+08
-1.239002e+08
-1.319531e+08
-1.327346e+08
-1.410970e+08
-1.412904e+08
-1.544271e+08
-1.559968e+08
-1.698948e+08
-1.849722e+08
-2.059155e+08
-2.196277e+08
-2.904699e+08
-3.132593e+08
-3.240657e+08
-3.314218e+08
-3.369064e+08
-3.385953e+08
-3.416788e+08
-3.652627e+08
-3.694445e+08
-3.833042e+08
-3.982276e+08
-4.017350e+08
-4.159078e+08
-4.433185e+08
-5.009151e+08
-6.579762e+08
-6.658189e+08
-7.013537e+08
-7.552632e+08
-7.604246e+08
-8.014392e+08
-8.096441e+08
-8.821905e+08
-9.002286e+08
-9.650445e+08
-1.055861e+09
-1.071525e+09
-1.103676e+09
-1.168290e+09
-1.251927e+09
-1.254874e+09
-1.360988e+09
-1.415474e+09
-1.448125e+09
-1.541552e+09
-1.687627e+09
-1.717288e+09
-1.769034e+09
-1.813697e+09
-1.929713e+09
-1.937831e+09
-1.971204e+09
-2.011461e+09
-2.089096e+09
-2.260528e+09
-2.627830e+09
-2.752261e+09
-2.792133e+09
-2.954217e+09
-3.158944e+09
-3.525019e+09
-3.756580e+09
-3.853128e+09
-3.969470e+09
-4.065726e+09
-4.115441e+09
-4.900594e+09
-4.986203e+09
-5.249703e+09
-5.599757e+09
-5.613786e+09
-5.954246e+09
-6.031045e+09
-6.487549e+09
-6.689477e+09
-7.670080e+09
-7.898232e+09
-8.004712e+09
-8.126883e+09
-8.976536e+09
-1.081860e+10
-1.098610e+10
-1.153252e+10
-1.241308e+10
-1.250134e+10
-1.252830e+10
-1.324051e+10
-1.352330e+10
-1.475085e+10
-1.576006e+10
-1.759010e+10
-2.021320e+10
-2.094869e+10
-2.140065e+10
-2.303185e+10
-2.836038e+10
-2.857670e+10
-2.893296e+10
-2.910399e+10
-3.175952e+10
-5.163615e+10
-5.182047e+10
-5.423278e+10
-5.531496e+10
-5.957378e+10
-7.142325e+10
-7.258255e+10
-8.144104e+10
-9.782190e+10
-1.203282e+11
-1.256958e+11
-1.310764e+11
-1.430801e+11
-1.577181e+11
-1.721800e+11
-2.115256e+11
-2.120697e+11
-2.134199e+11
-2.684304e+11
-2.703670e+11
-2.827317e+11
-3.050177e+11
-3.074700e+11
-3.123328e+11
-3.196239e+11
-3.824719e+11
-4.806771e+11
-5.049246e+11
-5.055670e+11
-5.061271e+11
-7.306375e+11
-8.646440e+11
-9.130511e+11
-1.297576e+12
-1.333917e+12
-1.387379e+12
-1.729096e+12
-1.858050e+12
-1.912641e+12
-1.914098e+12
-2.138433e+12
-2.165578e+12
-2.192068e+12
-2.235089e+12
-2.640472e+12
-2.899152e+12
-3.048118e+12
-3.233198e+12
-3.319532e+12
-3.320427e+12
-3.684138e+12
-4.289489e+12
-4.304250e+12
-4.657038e+12
-5.690943e+12
-6.658203e+12
-6.798995e+12
-7.005737e+12
-7.989835e+12
-8.017345e+12
-8.167914e+12
-8.505135e+12
-1.037771e+13
-1.566305e+13
-1.574925e+13
-1.888225e+13
-1.906172e+13
-2.459628e+13
-2.792244e+13
-2.955526e+13
-3.448394e+13
-3.459071e+13
-4.008316e+13
-4.805309e+13
-5.843601e+13
-6.340867e+13
-6.484764e+13
-6.707524e+13
-7.940750e+13
-8.680178e+13
-8.907643e+13
-9.318488e+13
-9.367100e+13
-9.433056e+13
-9.515276e+13
-9.774739e+13
-1.001511e+14
-1.022029e+14
-1.101628e+14
-1.181638e+14
-1.205651e+14
-1.206128e+14
-1.299028e+14
-1.348420e+14
-1.413277e+14
-1.689033e+14
-2.082728e+14
-2.083516e+14
-2.188371e+14
-2.394345e+14
-2.850453e+14
-3.217478e+14
-3.474718e+14
-4.051538e+14
-4.269195e+14
-4.482578e+14
-4.529531e+14
-4.618451e+14
-5.031357e+14
-5.173038e+14
-5.312319e+14
-5.345412e+14
-6.597084e+14
-7.361038e+14
-7.650497e+14
-8.610220e+14
-8.714675e+14
-8.838961e+14
-9.247373e+14
-1.041856e+15
-1.113511e+15
-1.114361e+15
-1.115863e+15
-1.383671e+15
-1.536257e+15
-1.536817e+15
-1.539443e+15
-1.628429e+15
-1.735429e+15
-1.895340e+15
-1.989868e+15
-2.133009e+15
-2.486093e+15
-2.579309e+15
-2.985374e+15
-3.316937e+15
-3.413352e+15
-3.470451e+15
-3.529492e+15
-3.549371e+15
-4.149419e+15
-4.380216e+15
-4.629112e+15
-4.673712e+15
-4.721519e+15
-5.180999e+15
-5.494631e+15
-5.518828e+15
-5.750276e+15
-6.507671e+15
-6.553421e+15
-7.527880e+15
-7.573715e+15
-7.885788e+15
-8.750071e+15
-9.666087e+15
-1.043632e+16
-1.110191e+16
-1.121944e+16
-1.169127e+16
-1.267202e+16
-1.327160e+16
-1.386733e+16
-1.498194e+16
-1.578680e+16
-1.664354e+16
-1.685893e+16
-1.757372e+16
-1.793027e+16
-1.808434e+16
-1.907649e+16
-2.000690e+16
-2.035936e+16
-2.242878e+16
-2.284841e+16
-2.450436e+16
-2.646486e+16
-2.786757e+16
-2.859785e+16
-2.986612e+16
-3.335655e+16
-3.339430e+16
-3.871189e+16
-3.985081e+16
-4.440961e+16
-4.541199e+16
-4.989117e+16
-5.681318e+16
-7.222333e+16
-9.472790e+16
-9.579728e+16
-1.019785e+17
-1.071638e+17
-1.127240e+17
-1.224208e+17
-1.290023e+17
-1.711822e+17
-1.968672e+17
-2.635390e+17
-2.723054e+17
-2.781846e+17
-3.017902e+17
-3.110948e+17
-3.178416e+17
-3.207543e+17
-3.324974e+17
-3.351041e+17
-3.669217e+17
-3.765209e+17
-5.011387e+17
-5.196197e+17
-5.691817e+17
-5.788851e+17
-6.101227e+17
-6.423301e+17
-6.674901e+17
-6.936052e+17
-7.050165e+17
-8.533784e+17
-8.611018e+17
-8.957594e+17
-9.519814e+17
-1.016300e+18
-1.261989e+18
-1.630523e+18
-1.655307e+18
-1.900598e+18
-1.943224e+18
-1.982122e+18
-2.230344e+18
-2.464188e+18
-2.549360e+18
-2.751410e+18
-2.918288e+18
-3.051378e+18
-3.558583e+18
-3.613613e+18
-4.049413e+18
-4.286018e+18
-4.463887e+18
-4.894568e+18
-5.466451e+18
-5.511059e+18
-5.899609e+18
-5.921917e+18
-6.182901e+18
-6.339366e+18
-6.505304e+18
-6.578787e+18
-7.440205e+18
-7.538838e+18
-7.756440e+18
-1.290245e+19
-1.330739e+19
-1.343310e+19
-1.395837e+19
-1.421764e+19
-1.498906e+19
-1.670401e+19
-1.995861e+19
-2.018499e+19
-2.065426e+19
-2.306339e+19
-2.410783e+19
-2.596187e+19
-2.746522e+19
-2.818902e+19
-2.949640e+19
-2.952589e+19
-2.978635e+19
-3.014926e+19
-3.163224e+19
-3.255827e+19
-3.389932e+19
-3.791629e+19
-4.051288e+19
-4.185033e+19
-4.451665e+19
-4.942752e+19
-4.943532e+19
-5.081365e+19
-5.140795e+19
-5.238135e+19
-5.380974e+19
-5.880347e+19
-6.013967e+19
-6.759534e+19
-7.175544e+19
-7.437559e+19
-7.438782e+19
-8.242595e+19
-9.963021e+19
-1.110135e+20
-1.121354e+20
-1.139817e+20
-1.222844e+20
-1.465935e+20
-1.646161e+20
-1.953722e+20
-2.021695e+20
-2.243950e+20
-2.478754e+20
-2.905019e+20
-3.001901e+20
-3.215447e+20
-3.598479e+20
-3.762415e+20
-3.806271e+20
-4.221735e+20
-4.323250e+20
-4.912184e+20
-5.687542e+20
-6.155025e+20
-7.332706e+20
-7.622774e+20
-8.415662e+20
-8.785265e+20
-9.357152e+20
-9.439227e+20
-9.537581e+20
-9.624350e+20
-1.061901e+21
-1.076976e+21
-1.110315e+21
-1.120624e+21
-1.122946e+21
-1.144930e+21
-1.148333e+21
-1.170003e+21
-1.338850e+21
-1.420213e+21
-1.576538e+21
-1.616409e+21
-1.700146e+21
-1.727945e+21
-2.117381e+21
-2.183116e+21
-2.215763e+21
-2.358918e+21
-2.509182e+21
-2.612887e+21
-2.772896e+21
-2.846186e+21
-3.244938e+21
-3.472663e+21
-3.805116e+21
-3.946522e+21
-4.330818e+21
-4.508587e+21
-5.115179e+21
-5.194363e+21
-5.401121e+21
-6.011257e+21
-6.620072e+21
-7.952703e+21
-8.086072e+21
-9.173670e+21
-9.630545e+21
-1.007948e+22
-1.058368e+22
-1.247280e+22
-1.289843e+22
-1.320900e+22
-1.663634e+22
-1.886502e+22
-2.163298e+22
-2.393690e+22
-2.523914e+22
-2.762905e+22
-2.821703e+22
-3.445965e+22
-3.509666e+22
-3.630673e+22
-3.729478e+22
-3.917473e+22
-4.551556e+22
-4.720358e+22
-5.094737e+22
-5.424184e+22
-6.253397e+22
-6.461823e+22
-6.552420e+22
-6.558141e+22
-7.285346e+22
-8.828456e+22
-9.031877e+22
-9.093003e+22
-1.019261e+23
-1.099525e+23
-1.124792e+23
-1.129268e+23
-1.162964e+23
-1.380144e+23
-1.396837e+23
-1.406967e+23
-1.425874e+23
-1.445641e+23
-1.559157e+23
-1.695115e+23
-2.010683e+23
-2.181012e+23
-2.361859e+23
-2.676504e+23
-2.712408e+23
-2.972075e+23
-3.048608e+23
-3.336397e+23
-6.762096e+23
-6.765042e+23
-6.865671e+23
-7.053663e+23
-7.165733e+23
-8.444507e+23
-8.453555e+23
-9.583041e+23
-9.761798e+23
-9.845772e+23
-9.984727e+23
-1.052372e+24
-1.062025e+24
-1.083918e+24
-1.333887e+24
-1.345349e+24
-1.697770e+24
-1.716492e+24
-1.733686e+24
-1.941652e+24
-1.953671e+24
-1.986868e+24
-2.060431e+24
-2.137508e+24
-2.213827e+24
-2.252159e+24
-2.322316e+24
-2.447508e+24
-2.708079e+24
-2.934399e+24
-3.029603e+24
-3.473487e+24
-3.598878e+24
-3.793305e+24
-3.867873e+24
-3.911005e+24
-4.280689e+24
-4.400081e+24
-4.470685e+24
-5.017791e+24
-6.483119e+24
-6.524738e+24
-6.686440e+24
-6.925768e+24
-7.191975e+24
-8.776073e+24
-1.261026e+25
-1.341356e+25
-1.478179e+25
-1.498496e+25
-1.606848e+25
-1.702404e+25
-1.732924e+25
-1.814777e+25
-1.863866e+25
-1.884756e+25
-2.019761e+25
-2.220256e+25
-2.253402e+25
-2.284017e+25
-2.293208e+25
-2.704481e+25
-2.744516e+25
-2.946379e+25
-3.049065e+25
-3.114851e+25
-3.400662e+25
-3.550645e+25
-3.950843e+25
-4.141193e+25
-4.206311e+25
-4.640643e+25
-4.698994e+25
-4.868451e+25
-4.927288e+25
-5.887068e+25
-6.506137e+25
-6.526862e+25
-7.154827e+25
-7.238078e+25
-7.580432e+25
-8.820748e+25
-8.917277e+25
-1.042952e+26
-1.134517e+26
-1.162611e+26
-1.307867e+26
-1.320221e+26
-1.332890e+26
-1.389933e+26
-1.441088e+26
-1.585798e+26
-1.594685e+26
-1.788131e+26
-2.241159e+26
-2.556389e+26
-2.576587e+26
-2.717502e+26
-2.840805e+26
-2.894786e+26
-3.785805e+26
-4.722728e+26
-5.318520e+26
-6.170190e+26
-6.227044e+26
-6.805081e+26
-7.336841e+26
-8.415326e+26
-8.432556e+26
-1.007957e+27
-1.027017e+27
-1.046054e+27
-1.052992e+27
-1.118489e+27
-1.163995e+27
-1.174351e+27
-1.200051e+27
-1.223038e+27
-1.305511e+27
-1.366367e+27
-1.461390e+27
-1.559368e+27
-1.635016e+27
-2.092336e+27
-2.113583e+27
-2.116485e+27
-2.382726e+27
-2.814713e+27
-2.931977e+27
-3.277762e+27
-3.460607e+27
-3.583562e+27
-3.803910e+27
-6.038834e+27
-6.915804e+27
-6.995366e+27
-7.063971e+27
-7.951110e+27
-8.547012e+27
-8.753415e+27
-8.861821e+27
-9.770342e+27
-1.151024e+28
-1.177880e+28
-1.255704e+28
-1.304321e+28
-1.492613e+28
-1.502563e+28
-1.533266e+28
-1.681802e+28
-1.772800e+28
-2.721704e+28
-2.828417e+28
-2.861681e+28
-3.255161e+28
-3.722767e+28
-4.647057e+28
-4.724269e+28
-5.100256e+28
-6.091404e+28
-6.121752e+28
-6.122765e+28
-6.160413e+28
-6.412522e+28
-6.801493e+28
-1.027723e+29
-1.031638e+29
-1.105691e+29
-1.334218e+29
-1.395643e+29
-1.405571e+29
-1.589380e+29
-1.755117e+29
-1.826902e+29
-1.829880e+29
-1.967991e+29
-1.971592e+29
-1.978878e+29
-2.219809e+29
-2.643545e+29
-2.655108e+29
-3.609455e+29
-3.734940e+29
-3.995158e+29
-4.445480e+29
-4.513990e+29
-4.777158e+29
-6.061781e+29
-6.148256e+29
-6.352639e+29
-6.577079e+29
-6.715464e+29
-7.705892e+29
-8.687295e+29
-9.667564e+29
-9.970372e+29
-1.086413e+30
-1.166955e+30
-1.202509e+30
-1.203562e+30
-1.206522e+30
-1.221427e+30
-1.365390e+30
-1.391746e+30
-1.831427e+30
-1.892290e+30
-1.969436e+30
-2.067495e+30
-2.322784e+30
-2.351862e+30
-2.443325e+30
-2.629778e+30
-2.641550e+30
-3.334745e+30
-3.378042e+30
-3.528712e+30
-3.548864e+30
-3.728935e+30
-4.839828e+30
-5.135427e+30
-5.901761e+30
-8.163109e+30
-8.227401e+30
-8.284151e+30
-8.288051e+30
-8.986519e+30
-9.751330e+30
-9.828996e+30
-9.952693e+30
-1.329216e+31
-1.417360e+31
-1.418924e+31
-1.426083e+31
-1.593722e+31
-1.634782e+31
-1.764106e+31
-1.807558e+31
-1.809437e+31
-1.869348e+31
-1.884498e+31
-2.095912e+31
-2.231292e+31
-2.268318e+31
-2.434790e+31
-2.471835e+31
-2.935340e+31
-2.964819e+31
-3.110484e+31
-3.260599e+31
-3.537666e+31
-3.664476e+31
-3.863033e+31
-4.109811e+31
-4.500336e+31
-4.502589e+31
-5.722167e+31
-6.337671e+31
-6.476521e+31
-6.604469e+31
-6.732303e+31
-7.303797e+31
-7.612436e+31
-8.055052e+31
-9.244327e+31
-1.025081e+32
-1.111243e+32
-1.220084e+32
-1.392339e+32
-1.532858e+32
-1.593775e+32
-1.672068e+32
-1.753594e+32
-2.027082e+32
-2.078152e+32
-2.144478e+32
-2.426309e+32
-2.571524e+32
-2.779011e+32
-2.986942e+32
-3.186096e+32
-3.840982e+32
-4.228562e+32
-4.389378e+32
-4.588466e+32
-4.604009e+32
-5.016279e+32
-5.021795e+32
-5.102323e+32
-5.245752e+32
-5.357892e+32
-5.523724e+32
-5.638097e+32
-5.855079e+32
-5.944475e+32
-6.512523e+32
-7.271163e+32
-7.848233e+32
-9.173872e+32
-1.172540e+33
-1.194039e+33
-1.220366e+33
-1.351437e+33
-1.511207e+33
-1.672583e+33
-2.217885e+33
-2.575896e+33
-2.698667e+33
-2.894999e+33
-3.099552e+33
-3.683949e+33
-4.139195e+33
-4.183556e+33
-4.506144e+33
-4.538659e+33
-5.003615e+33
-5.672072e+33
-6.111468e+33
-6.617433e+33
-7.282628e+33
-7.797539e+33
-8.440096e+33
-8.674516e+33
-9.312507e+33
-1.011130e+34
-1.020513e+34
-1.105190e+34
-1.163825e+34
-1.219973e+34
-1.414876e+34
-1.664327e+34
-1.896772e+34
-2.069595e+34
-2.140103e+34
-2.228493e+34
-2.514127e+34
-2.865900e+34
-3.117684e+34
-3.250426e+34
-3.328469e+34
-3.481795e+34
-3.796333e+34
-3.879284e+34
-4.218876e+34
-6.103840e+34
-6.903610e+34
-7.871865e+34
-8.252868e+34
-8.534141e+34
-8.758279e+34
-9.068595e+34
-9.700242e+34
-1.124560e+35
-1.381683e+35
-1.426516e+35
-1.454325e+35
-1.457629e+35
-1.470546e+35
-1.477723e+35
-1.863340e+35
-1.864514e+35
-2.301084e+35
-2.342094e+35
-2.355887e+35
-2.701946e+35
-2.755690e+35
-2.994305e+35
-3.153501e+35
-3.293992e+35
-3.436639e+35
-3.713276e+35
-3.890631e+35
-4.078334e+35
-4.379969e+35
-4.477193e+35
-4.598672e+35
-4.995833e+35
-5.233562e+35
-5.846416e+35
-6.217626e+35
-6.502227e+35
-6.912122e+35
-9.745983e+35
-1.003083e+36
-1.020951e+36
-1.024763e+36
-1.060662e+36
-1.132906e+36
-1.184646e+36
-1.203168e+36
-1.218579e+36
-1.582088e+36
-1.710513e+36
-2.354536e+36
-2.531935e+36
-2.614346e+36
-2.676548e+36
-2.720608e+36
-2.842106e+36
-2.853847e+36
-3.018078e+36
-3.531520e+36
-3.561249e+36
-3.632264e+36
-4.558278e+36
-4.607442e+36
-5.107897e+36
-5.985991e+36
-6.297008e+36
-6.502265e+36
-6.631143e+36
-6.796990e+36
-7.077603e+36
-7.565732e+36
-7.754976e+36
-7.847359e+36
-8.587951e+36
-9.715677e+36
-1.017326e+37
-1.075926e+37
-1.090398e+37
-1.177139e+37
-1.239365e+37
-1.323268e+37
-1.349331e+37
-1.815417e+37
-1.916227e+37
-2.095070e+37
-2.121070e+37
-2.286456e+37
-2.787812e+37
-3.284241e+37
-3.460540e+37
-3.493599e+37
-3.496611e+37
-3.503571e+37
-3.594359e+37
-3.664221e+37
-3.785520e+37
-4.650532e+37
-5.271515e+37
-5.330214e+37
-5.477084e+37
-5.532070e+37
-6.335839e+37
-6.473221e+37
-7.027068e+37
-7.819126e+37
-8.396718e+37
-1.085498e+38
-1.109298e+38
-1.168057e+38
-1.287431e+38
-1.412408e+38
-1.626729e+38
-1.647805e+38
-1.740009e+38
-1.844056e+38
-1.934290e+38
-2.038337e+38
-2.202807e+38
-2.341048e+38
-2.454253e+38
-2.536482e+38
-2.757164e+38
-2.927117e+38
-2.940875e+38
-3.010900e+38
-3.074367e+38
-3.244543e+38
-3.293157e+38
-3.388784e+38
-6.805647e+38
-6.805647e+38
-6.805647e+38
-6.805647e+38
-6.805647e+38
-6.805647e+38
-6.805647e+38
-6.805647e+38
