10110111101000011010100100101110
11100100001101111001111000000010
01001001010100010111110101110000
00100110110011101010000011110000
01101001010010010111100111001001
10100011101111110110001000011010
01111110000010010110010111000111
00110100110111101110111010110111
00101010001111110001011001000101
00101010001010011001001001010111
01101010100110000101000010110110
01000001010101011001111010010010
11010001100100111110101100010111
11001001111111110101010101011011
01011101110000001110010111001101
01110000011010110001010001100001
10100000111010001000010010100011
00000010111010001111110000011000
01100001000111110111100111101101
10111111011110011000101001001001
11000100101101111011110110101111
00110001001000110010111101111010
11011011101110001011111110111010
00011100101100010001110100010100
11101001101111011011110000100101
00010101110101000011000011000110
11101001001110110010000100010111
00111110011100001110011110000010
10000001111001001101100000011010
01100000101100100011110111111101
10101111100100010101001001000000
00101101100101011110101101110000
10111000100001001101110111100111
11101100110101011111010100111001
11100001010000110011000011100010
01010101100011000000011000110010
01111000101100111001000001110010
11100110001000001011001101110000
00011001101111111111100110100001
01011011100101101010001111010101
11101000010011111110001001100010
11001100001100110111011010111101
11001001001101101100010000010110
10000100101011010000111110111000
10100011001011111100111000000101
00100111000110011111001011001001
11010100001100001111101110111100
01101111100100011110001010010110
01001100010100110001111101001111
10000101101110011101010010111111
01111000111101110100100001001110
