01000001001000000000000000000000
00111111101000000000000000000000
01000000001110000000000000000000
01000000000011101000011100101011
01000010101110000111010000111001
01000011001001011001000110101010
01000010000110000110011001100110
01000011001110111010100000110001
01000011011000011100000111001010
11000000011010110000001000001100
01000100011111111111111100001010
01000100011111110001010000001000
11000011111010100100000110101001
00111111010011001100110011001100
11000011111010101010100000010000
01000000011000000000000000000000
11000010101111110100000100000110
11000011101001110101100011100101
01010101010101010101010101010101
10101010101010101010101010101010
00111111000000000000000000000000
00111110100000000000000000000000
00111110000000000000000000000000
10111110000000000000000000000000
01000001000000000000000000000000
00111110001111000000110010010101
00111111011111111111101001000011
