10000111000000000000000000000000
01000010110010000000000000000000
10000111100000000000000000000000
01000000010010010000111111010000
10010000011101111000000000000000
10000000000000000000000000000000
01000010110010000000000000000000
10001000100000000000000000000000
10000001000000000000000000000000
01000001100100000000000000000000
10000001100000000000000000000000
01000000110100000000000000000000
10000010000000000000000000000000
01000011010000000000000000000000
00011010100100000000000000000000
00011011000110000000000000000000
00100011101010110000000000000000
10000100000000000000000000000000
01000000000000000000000000000000
10000100100000000000000000000000
00111111100000000000000000000000
00001101010001001000000000000000
00000100110011001000000000000000
11001000010100000000000000000101
10101000000000000000000000011000
