11111111111111111111111111111111
10000000000000000000000000000000
01000101101001010110001110101110
10000000100000000000000000000000
00111111110011100001010001111011
00011001000000001000000000000000
00110001100100000000000000000000
11111000000000000000000000000000
11001001100000000000000000000110
10000010000000000000000000000000
01000010010001000000000000000000
01001010100110100000000000000000
10000101000000000000000000000000
00000000000000000000000000000000
11010101000000000000000000000000
10101000000000000000000000000000
