-999863.06821855
-999760.56643865
-999594.11621447
-999312.29374438
-998965.75070353
-998757.79336369
-998031.04214417
-997513.75490128
-995813.74175384
-995537.65496026
-995437.33460647
-994902.27987823
-993729.75825980
-993345.82695963
-991735.82903946
-991303.05284528
-991278.39294719
-991178.53341281
-991124.46839451
-989988.27567045
-989691.32798527
-988507.65388037
-988498.12790825
-988078.77063633
-986845.07576084
-986590.30010782
-986250.41475972
-986074.27078535
-985347.15009567
-985281.57854349
-985010.22938148
-983498.64720732
-983480.05643311
-983461.74178326
-982315.39763177
-981584.29722270
-981178.58500884
-980624.77118880
-980301.53865811
-979134.38877082
-979132.31240342
-979026.41414400
-978946.91871937
-978894.90229342
-978701.33988061
-978606.55954410
-977652.94856473
-977112.28786827
-976811.39393195
-976589.94888577
-976448.36779078
-976215.25999481
-976163.99082177
-975412.09961839
-975374.73942076
-975074.01725279
-974862.40447653
-974343.46463965
-973443.62639415
-973106.36180726
-972691.43568818
-972451.66791995
-972309.46468477
-972261.95163022
-971975.60016690
-971088.88952917
-969342.78006688
-969073.35749581
-968757.58366837
-968354.69512899
-967961.44599505
-966794.51669836
-966789.51357569
-966217.62645693
-966125.16717337
-965756.01013670
-965616.19552755
-965528.49705404
-964937.90647703
-964687.05900336
-964578.35907221
-964248.65880998
-964138.96952712
-963680.76755287
-963297.80483797
-962745.62926297
-962680.22298767
-962198.23349373
-961937.75681963
-961327.11197534
-960855.10471471
-960763.06250564
-960312.30719067
-960167.96157358
-959838.53373235
-959376.48479288
-959144.20513852
-958803.75154056
-958522.25386721
-958282.96031831
-957290.07469145
-957255.91922164
-957237.13551578
-957148.94454949
-956851.84028512
-956839.49474958
-956611.00637478
-955925.90668357
-955922.80701043
-954989.04529977
-954791.15291329
-954057.14053055
-954036.49282804
-953930.54899597
-953646.89118576
-953545.58258423
-952691.58680392
-952680.52125679
-951564.16900568
-951187.23148496
-950646.01965981
-949961.56072403
-949359.60889553
-949302.56666129
-949135.74380432
-949086.38035107
-948356.04681673
-948330.12369192
-947477.39355359
-947408.84609784
-947390.04681947
-946364.72868600
-946194.15973921
-945825.13317342
-945824.00747217
-945518.06130656
-945254.51647460
-944593.61416210
-944311.32761643
-944301.44030655
-943910.39021369
-943132.51482503
-942153.10074754
-941936.53814301
-941830.30555195
-941452.18621928
-940783.34865385
-940775.34431960
-940671.83257248
-940612.06456156
-940185.31972899
-939816.39346842
-939536.14708878
-939238.95364116
-939112.52225375
-939024.65654899
-938931.23754835
-938569.67104821
-938265.16266742
-937476.91959353
-936829.83592223
-936628.59495300
-936121.57181864
-935710.75264181
-934843.24404588
-934014.71657343
-933152.06923553
-932704.61998138
-932599.20240777
-931857.78748684
-931401.32463883
-929643.18806975
-928558.91657257
-928478.73762463
-928404.67671904
-927892.44620430
-927833.77446077
-927822.59419867
-926313.58298836
-926201.36049798
-926199.07671757
-925783.02638941
-925558.67491631
-925434.34994953
-925384.19803104
-925366.19997217
-925286.62892314
-925115.96265184
-924068.67921635
-923578.26622951
-923404.70004178
-923117.99909434
-922691.07526636
-921556.71206317
-921487.97361390
-921415.70905176
-920854.47071946
-920819.44073883
-920249.58007764
-919288.67492553
-918948.35430447
-917924.82333273
-917823.88801718
-916893.30981398
-916152.46524551
-916018.60869984
-915632.79708690
-915416.32806115
-915307.76475580
-915010.39196901
-914801.98839698
-914540.61730672
-914194.71597728
-914048.14029443
-910541.57852594
-908906.46327483
-908658.01973659
-908507.65046522
-908468.58308899
-908435.21607207
-908317.20020286
-907930.25791185
-905938.12463426
-905651.61864041
-905409.62807242
-905191.28400221
-905075.63954005
-904330.62294312
-904326.06298934
-904247.78724757
-903814.07617309
-902624.83220825
-902584.77678194
-902416.50806513
-902366.67067016
-902140.93036999
-901807.93542156
-901760.38373348
-899985.08201199
-899979.65351870
-899975.28013347
-899951.88212756
-899915.99836432
-899856.83852701
-899600.05854634
-899467.73599442
-899403.04573847
-898475.20965496
-897305.75833964
-897300.81722996
-897264.22643156
-896883.22138166
-896872.25034983
-896807.05794600
-896678.37436231
-895738.99993466
-895610.86769716
-895527.97258161
-895458.99901231
-895320.10028248
-895136.37219750
-894972.57433317
-894836.93215422
-894656.77528421
-893703.71186895
-893576.13023628
-893324.75437339
-893051.39078699
-892825.50044225
-891632.52539482
-891331.87502259
-891064.72813955
-890736.19876334
-889752.62651189
-889667.37614001
-889393.46245562
-889327.70872065
-889327.43197467
-889143.18980216
-888975.91876208
-888695.55881401
-888532.50021252
-887474.55338666
-887328.33017829
-886084.05025665
-885211.39627659
-885207.14407861
-883196.39253342
-882440.33102864
-882243.60697117
-882043.34020590
-881986.87354915
-881944.77995196
-881826.13118801
-881530.37746709
-881071.28574508
-880413.20895491
-880282.40843735
-879301.69475466
-878840.49883616
-878338.53721630
-877961.73901576
-877671.71482942
-877550.33163591
-876869.77741804
-876549.01271765
-876387.57412249
-875711.71122633
-875592.25113990
-875534.62591069
-875431.75873773
-875120.13019768
-874675.52852226
-874364.91909387
-873170.71712449
-873125.69944152
-873082.20147873
-872605.95045125
-872502.13185041
-872058.04716761
-871623.68197388
-871249.24888389
-871235.55477259
-870671.25089232
-870648.17632670
-870479.96954487
-869207.04523039
-869050.98224441
-868953.70286097
-868821.27778639
-868241.64927051
-868167.66189271
-867417.11272625
-867410.93262186
-867359.78134007
-867147.03984262
-867090.78686935
-866730.85560811
-866131.65183153
-866025.02889198
-865894.85205293
-865669.01685749
-865182.11842445
-863686.93097498
-863612.00769014
-863571.81747637
-863083.15505659
-863037.92514755
-862726.09391944
-862267.81832962
-862206.78196363
-861125.02145268
-860970.97206591
-859566.76996053
-859151.46349370
-858418.15705331
-858396.96563078
-858272.10567169
-857867.00876274
-857587.85405376
-857035.18392160
-856765.87824482
-856437.37988459
-856004.00597157
-855690.99708946
-855199.14721353
-854961.09559161
-854938.48149194
-854877.06678983
-853077.46158358
-852988.58650680
-852929.03000856
-852458.56127548
-852029.70082487
-851757.96298098
-851709.48697166
-851607.24371350
-851360.64657940
-851045.38215416
-850315.04102828
-850302.15990606
-850122.58703823
-850003.84533020
-849196.37616439
-849012.82752919
-848023.28498247
-846319.46385278
-846149.67991125
-845509.88802085
-844758.64102407
-844725.02032244
-844556.05835057
-844414.26955705
-844358.51290209
-844128.75611281
-843965.98814152
-843422.84975000
-842826.91726006
-842660.18288992
-842241.27838163
-841978.34255121
-841777.67351028
-841137.02934420
-840669.64037735
-839203.93304283
-838631.41176529
-838378.15712310
-838270.46496692
-838058.55132188
-837264.89637225
-836965.29712429
-836764.91493938
-835457.95039194
-835060.00316125
-835029.87863088
-834619.61994172
-833857.22714635
-833668.56323193
-832180.94036408
-832039.80272425
-831785.83788080
-831271.47675856
-830881.62229913
-830112.85675705
-829925.11700206
-829260.88318154
-828916.44028982
-828182.01338548
-827034.86000078
-826914.25222904
-825826.81707236
-825465.20484955
-825329.08324952
-825247.87932533
-824543.40432016
-824161.65846568
-823829.00185830
-823531.70913082
-823110.75561768
-822512.07170776
-821995.41047726
-821910.22542312
-821718.34038179
-821504.73297149
-821473.51757954
-821192.64050524
-820812.52809777
-820170.55406031
-820109.15295671
-819789.83690723
-819658.37333068
-819366.40776350
-819201.57562036
-818966.87849266
-818348.70870324
-818324.98763668
-817924.66350342
-817846.30206873
-817616.57961768
-817493.60344242
-817156.68467323
-817151.85120898
-816717.65323763
-816233.26343494
-816202.46416366
-815559.58279585
-814779.73516426
-814668.08567651
-814657.61806723
-814579.95591963
-814433.77705676
-814424.44570715
-814119.87136116
-813769.46552992
-813766.23684725
-813627.91411648
-813115.24634007
-811632.73538888
-811086.63397799
-810919.85337463
-810630.02429654
-810481.31730345
-810029.72852818
-809746.23718927
-809316.12196629
-809003.85371195
-808459.81489505
-808398.39424459
-807401.19340354
-807130.98079668
-806506.87309237
-804775.47288390
-803901.46968344
-803569.69975833
-802822.31364751
-802807.72485576
-802197.96707685
-801988.14528755
-801717.74294468
-801361.21590222
-801201.05647613
-800530.20134466
-800492.61391147
-800080.01811780
-798246.65726383
-797969.45017331
-797862.83442309
-797741.65527427
-797003.47754252
-796931.14586821
-796715.23848343
-796302.83382701
-796063.80738903
-796004.48541353
-795665.17161554
-794625.23949255
-794039.70314565
-792553.34341450
-791305.69682785
-790629.33442520
-790377.10992027
-790280.07684946
-790153.62995402
-789978.67217738
-789193.13715940
-788492.20181696
-788403.63655758
-788023.12681047
-787877.98380057
-787773.95248827
-787003.77881328
-785576.92917189
-785461.82586354
-785189.18708214
-783984.00285908
-783597.69971905
-782747.10139957
-782544.83818405
-781647.48699070
-780994.30234508
-780756.94172543
-780173.45125519
-779609.41159841
-779559.80185468
-779502.35419638
-778783.95396261
-778765.94110814
-777941.52151683
-777594.53695324
-775638.85618750
-775566.49018352
-775455.27165168
-774999.03792653
-774172.79185244
-773568.80406343
-773251.82186721
-773114.35768825
-772994.05244629
-772516.48251286
-772166.62020149
-771999.57091920
-771815.07087873
-771624.56933748
-771588.52050550
-770696.47435546
-770674.96336364
-769528.86188025
-768347.46096771
-767458.03209578
-767060.06716518
-766882.27023265
-766798.76343798
-766733.05599090
-766729.81326160
-766682.20305817
-766609.91570698
-766575.29354062
-766031.46964022
-765249.06265173
-765203.90611978
-764669.32413473
-764640.85609363
-764153.82811313
-763745.75329199
-763225.25660550
-762532.09355620
-761786.54278371
-761018.89543167
-760550.29245580
-760403.73018541
-760072.15395743
-759939.09420146
-759456.27702779
-759372.53334587
-758163.02582704
-757177.15751197
-757026.15950789
-756831.33436376
-756791.01812657
-756388.64900697
-755783.23252941
-755739.16452374
-755475.01272704
-754537.09651689
-754188.96776305
-753945.64533334
-753786.87040966
-753704.95407100
-753262.51966936
-753008.21632978
-752711.95070068
-752456.66681284
-752360.72086669
-752318.34851224
-751515.75551332
-751026.57334436
-750994.01641018
-750649.21937022
-750547.52154830
-749904.53756590
-749238.87504950
-749071.79076840
-748637.58530595
-748330.73142101
-748300.83866713
-747543.58664663
-746879.12210005
-746816.93212569
-746650.98464649
-745563.08086197
-745531.62824644
-745099.20341145
-745038.16140844
-744797.65285509
-744694.01749361
-744669.69192351
-744509.38822554
-744169.74130400
-743133.12001687
-742835.91007237
-742833.27115577
-742765.85822212
-742370.87971620
-742099.80975064
-741289.38999396
-740853.17979876
-740668.77276047
-739700.16265506
-738972.42084055
-738784.00518871
-738615.63695969
-738598.58105631
-738571.65203379
-738012.43606925
-737960.12686160
-737873.41167621
-736891.39530190
-736128.04423902
-735829.61339978
-735754.72734337
-734661.79013748
-734479.91517897
-734243.76873735
-732289.14840419
-731971.63592004
-731930.79479219
-730663.32454906
-729582.12395867
-728379.57266686
-727226.22535574
-727001.64977384
-726739.05975449
-726377.51460176
-726129.22431118
-726127.59832218
-725911.68895572
-725558.98119167
-725420.42498667
-725138.40552182
-725000.75557343
-724124.18421513
-724083.08925414
-723505.48307748
-723493.19321532
-723128.46919081
-722991.72655179
-722846.51304571
-722200.99490343
-721691.92818514
-721599.54143595
-721050.72495406
-720520.28308225
-720346.23693868
-719487.99060770
-719154.64889023
-719116.02826884
-719075.14477902
-719055.77084194
-718988.23790794
-718081.54548202
-717674.62208741
-717571.21206052
-717248.35873582
-716276.68696460
-716214.51290991
-715833.42158381
-715765.82937129
-715612.86503364
-715142.98616455
-715113.21709242
-715038.28932547
-714983.94467665
-714877.86151718
-713466.27955054
-713014.37422454
-712064.10679321
-711824.13576239
-711423.50735299
-711223.87767097
-710969.03370251
-710942.82492838
-710902.30398368
-709949.52951577
-709884.77914654
-709817.34082899
-709707.20550248
-708194.17785473
-708081.23853925
-708070.77884879
-707619.24859744
-707167.07795542
-705730.94735599
-705442.16747142
-705340.15567348
-705241.13953792
-704459.22129540
-704096.21978080
-704025.21885834
-703726.90385971
-703417.51604159
-703415.51883920
-703021.93311588
-702975.27804227
-702898.59431878
-702300.41007015
-702243.72267963
-702005.84642559
-701881.42489761
-700927.59911840
-700843.15952580
-700610.27196978
-700595.88095031
-697956.31302360
-697709.62329098
-697206.37246286
-695875.29118453
-695714.14731582
-695712.77992376
-695450.52249428
-695222.76874090
-694959.89973157
-694859.06739290
-694691.70970213
-693527.78678404
-693452.72868756
-693303.88994168
-693019.40609218
-692694.97256881
-691361.82072922
-691108.91385226
-690808.79336771
-690373.54655472
-690211.09960462
-689461.34088705
-689400.30261228
-688988.94136018
-688676.71422604
-688406.54265192
-688269.91119822
-688164.01535849
-688039.57264102
-687994.32181707
-687860.10154579
-687758.12790927
-687619.55833642
-687448.05377491
-687181.98991869
-686227.20025383
-686176.18663229
-686031.86878030
-685906.97114477
-684740.74990570
-683689.61790771
-683541.40551262
-683506.83872698
-682847.32625111
-682810.45729899
-681646.34032400
-681557.88438589
-680958.50709173
-680711.56026231
-680308.71066545
-679552.99773834
-679210.88115324
-679207.96456594
-678952.13799543
-678856.32603128
-678622.52711503
-678484.10831275
-677797.50567988
-677724.33289964
-677695.16550240
-677083.46170235
-675924.65095803
-675472.80814848
-675226.26320893
-674371.30599962
-674293.66572142
-673183.34525688
-672808.56952602
-672558.40087216
-672154.74856984
-672033.72932087
-671913.97510234
-671671.27239303
-671068.23865617
-670490.96428871
-670208.10719455
-670177.91556530
-670074.46208227
-669872.55293803
-669650.99980119
-669170.61235269
-668673.36596755
-668410.90765285
-668321.69671485
-667615.47874756
-667198.53927851
-666754.31996107
-666484.55401999
-665699.69367080
-665256.65774559
-665235.47648680
-665011.78828513
-664866.81364656
-664844.19069973
-664264.10909307
-663832.95866192
-663705.75944360
-663353.46186134
-662934.15833385
-662910.17188249
-662582.34103235
-662416.61253005
-662106.26786698
-661997.50423944
-661761.76881013
-660736.82938585
-660694.75209654
-660379.93340178
-660133.54031552
-659735.42145834
-659690.68676339
-659591.19065059
-659559.42213043
-659436.07648024
-659420.45593248
-659015.76032623
-658294.74328551
-658288.34108658
-657963.54481341
-657636.35960324
-657627.94491773
-657498.88470091
-657300.17611209
-657111.72872607
-656707.23526878
-656073.95020836
-656035.40547294
-655697.90235281
-655166.22312375
-654580.72788737
-654519.75740634
-654408.63224193
-654306.18696677
-654188.57683654
-653738.22530909
-653393.16595995
-652970.76956656
-652475.29874342
-651965.94323135
-650623.92760707
-650409.29444179
-650282.25639805
-650273.65454968
-650184.66821668
-650150.96724581
-648581.17575231
-648102.65490212
-647427.21984501
-646500.84126929
-645911.17201900
-645694.77299750
-645378.36872637
-645334.31318182
-645224.50913975
-644439.60803597
-643983.07750300
-643334.72861047
-642705.36405903
-642626.65162611
-642553.01875804
-641346.22078546
-641074.24951888
-640956.82710858
-640529.16791051
-640364.82761936
-640138.11769054
-639875.80814399
-639753.85838797
-639508.77340560
-638063.61008088
-638045.07260847
-637789.17740493
-637636.79346044
-637583.32234469
-637534.37770016
-636509.56366001
-635460.30441986
-634845.82503022
-634500.92246750
-633643.14603522
-633136.70933357
-633040.55673979
-632976.28348996
-632272.16576959
-632126.18061131
-631891.09797710
-631704.12579891
-631196.39389346
-630619.95249681
-630615.46202007
-630124.60109002
-630064.52597989
-629589.90731881
-628346.48759146
-625458.09794959
-624853.69215165
-623285.83947354
-623230.64382159
-622775.68351062
-622666.70418442
-622583.71374915
-622321.97055538
-621234.80860370
-619641.47189779
-619504.76009471
-618896.54547508
-618524.98309911
-618359.74998156
-618228.41794382
-618001.22606794
-617723.73401248
-617666.56119712
-617519.71279385
-617509.40209390
-617490.04316245
-617388.93825734
-617381.56442305
-617377.65338052
-616786.84854751
-615932.60835550
-615627.59246843
-615511.24464884
-615474.48875716
-615389.85067503
-615255.87258887
-614796.75967673
-614682.58376999
-613901.45182049
-612991.44010730
-612669.94983263
-612650.02014829
-611444.58486944
-611042.21337035
-610871.90575290
-610615.75661320
-609821.00989667
-609769.48700321
-609724.11302502
-609201.18534595
-607887.70600632
-607631.45629441
-607007.28031604
-606858.55014139
-606786.77607843
-605950.34439711
-605590.32165742
-605573.67766174
-605449.98018269
-604869.60301934
-604588.21000557
-603722.29143224
-603446.81937084
-603160.79114852
-603120.41820130
-603088.10076890
-602626.68480887
-602501.27602724
-602435.90535399
-601949.40786700
-601715.93230746
-600621.87567972
-600380.65422688
-600275.32611776
-600267.49902753
-600103.18484289
-600080.79259663
-600000.70682006
-598917.52500836
-598867.64763750
-598857.53931278
-598386.13010128
-598344.31250510
-598231.94347110
-598087.70142724
-598044.16210217
-597699.81532404
-597098.66877046
-596919.71130141
-596891.21866209
-596824.25826138
-596344.07571523
-596305.97213017
-595943.12227790
-595133.95299206
-594157.70668566
-593672.33335539
-593511.83542153
-593418.81867122
-593339.47282207
-593292.95630953
-593161.58421560
-592767.01938009
-592581.19876505
-592343.17063774
-591640.57715248
-591405.92382264
-591029.05054719
-590554.66048085
-590132.51678116
-590088.45674329
-590014.07272652
-589594.75988533
-589129.73856800
-588964.46929018
-588799.79162805
-588435.15279886
-588433.31280808
-588262.44933530
-588146.02870626
-588116.12914132
-588080.68292327
-588046.79890178
-587021.93336520
-586935.80267405
-586339.98810980
-586116.23998860
-586033.26552508
-585598.72468851
-585544.26197783
-585173.97877099
-585058.66090415
-585014.54495857
-584689.68851646
-584065.31520453
-583900.61890427
-583621.57767527
-583589.28021488
-583205.49320553
-583028.64306513
-582652.39690938
-582298.87180817
-581305.72932977
-581164.87904566
-581152.01144216
-581009.98902370
-580921.70627084
-580886.31685152
-580863.31813025
-579088.85515144
-578303.62210512
-578273.11051646
-577944.46130454
-577632.05960969
-576763.58622002
-576447.75971367
-575460.53168964
-574829.74497492
-573973.08307959
-573694.88761334
-573515.97169976
-573492.59850368
-572353.85799254
-571565.20018081
-571086.14574253
-570676.98850238
-570613.99852898
-570392.90266655
-569858.21288048
-569834.43638061
-569218.94674559
-568144.02163668
-567752.61960092
-567487.97729619
-567312.18128663
-566881.06547930
-566630.92107545
-566559.15139653
-566323.30763689
-565631.35228474
-565195.92437797
-564928.37557286
-564724.45593715
-564152.98184048
-563971.12688248
-563782.63205434
-563386.70071235
-562966.61067468
-562413.21970031
-562084.01280655
-561922.29581874
-561544.87982579
-561492.32864421
-560403.45723508
-560160.94882815
-559845.09866655
-557955.54487038
-557942.98133395
-557462.60075105
-557353.47888884
-556948.22183935
-556844.23059351
-556796.69901478
-556253.85649882
-555476.22788677
-555473.29637073
-554829.06450459
-554446.79605898
-554377.45086583
-554338.54473361
-554126.20999668
-554096.28569136
-551902.49800553
-551737.48619104
-551628.78373673
-551524.84962589
-551053.12713346
-550709.14737665
-549934.61811184
-549636.11362225
-549291.23303169
-548881.45963539
-548234.40776287
-548039.99423365
-547982.69063668
-547636.04069951
-547563.24334192
-547055.14046548
-546492.00193363
-546225.22932249
-546121.99432845
-545922.34646731
-545594.58325411
-545185.72560564
-544361.93863734
-544258.02583825
-544178.87829357
-543779.85990449
-542961.28429788
-542748.57540992
-542140.43745388
-542097.57542173
-542077.58032709
-541915.10896339
-541797.40482354
-541462.84163531
-541459.83832257
-541267.70608259
-540066.18242351
-539572.92154168
-539208.33563303
-538908.53275542
-538707.07609201
-537032.74233985
-536170.48484645
-535806.98715321
-535226.10420017
-534988.75196799
-534904.42367922
-534495.02157357
-534466.17796064
-532147.40570856
-531813.90687552
-531446.90677365
-531395.13033759
-530954.95250264
-530304.64919683
-530230.84516446
-530167.14713078
-529985.01671849
-528957.99450321
-528384.35993228
-527667.51100022
-527411.18881427
-527177.86295681
-527126.66475410
-526890.84205347
-526653.63852798
-526495.65391692
-526345.75159941
-526267.69102491
-526125.71318352
-526045.34489900
-525949.57157675
-525300.02985819
-525062.84534251
-523602.96939455
-522601.17584606
-522437.94833313
-521934.30521486
-521890.54753373
-519743.76687958
-518965.42776778
-518613.87261125
-518432.98736738
-517993.99773356
-517805.63021420
-517576.23255615
-517459.51454834
-516770.47785621
-516651.81257171
-516439.12440076
-516366.24384714
-516343.42998379
-515988.11661581
-515303.11620474
-514675.72357088
-514625.39536241
-513927.80529500
-513397.24515024
-512667.90269224
-512608.97378250
-510566.93628214
-510467.06050203
-509976.02087426
-509906.39746848
-509825.51709359
-509531.72135640
-509456.98484547
-509369.39962267
-508585.30486312
-507803.32078824
-506972.02350058
-506816.66272475
-506772.20444280
-506428.09122269
-506400.18117288
-506290.08853013
-506275.66354166
-505208.49471747
-504645.61768102
-504259.54067444
-504199.19171151
-504058.87654281
-503998.67101253
-503750.86169842
-503353.84561180
-502800.55843811
-502707.53725396
-502658.88001758
-502211.76148339
-501703.86065424
-501474.49855378
-500952.30564673
-500887.70700228
-500635.20754551
-500488.95674730
-500387.64688984
-500126.51739695
-499599.52712647
-499057.06793212
-499028.67763411
-498009.14449213
-497886.73325712
-497734.90278099
-497587.94211997
-497093.78570544
-496695.28980922
-496532.41170518
-496271.34361802
-496245.10922811
-495986.82312790
-495874.79374529
-495733.71305505
-495560.49938116
-495460.10866887
-495057.71997660
-494460.17858190
-494450.60034318
-494381.80658094
-494224.67379162
-494071.42586602
-493789.56090536
-493529.59314988
-493360.93757968
-493327.34429072
-493231.34190663
-493064.25405605
-492443.38943705
-491921.15225768
-491091.56494012
-491070.22813111
-491030.82486396
-490991.81053141
-490686.08338422
-489695.56859131
-489424.85766454
-488904.62857053
-488636.91342868
-488502.04276939
-487879.69139667
-486443.86907686
-486433.07638237
-486336.30665401
-485677.99406923
-485554.44014817
-485512.45010741
-484975.48318982
-484889.14845714
-484676.35068021
-484659.93856639
-484547.14723105
-483696.23598538
-482396.00839060
-481719.75688690
-481664.90939529
-481574.35223924
-480558.97864747
-479942.69146545
-479833.82352019
-479313.31361814
-479054.82472773
-478972.74933237
-478899.40510368
-478872.42182761
-477553.65536374
-477192.44980518
-476748.50418251
-476258.14986875
-476127.83689578
-475084.13628178
-474758.84393202
-474700.59479274
-474665.25337429
-474333.16775662
-473854.90193049
-473627.13624721
-472888.60708402
-472833.22425670
-472811.90772249
-472293.53739096
-471558.25711894
-471238.51463540
-470890.29069446
-470296.55990422
-470208.50503198
-470131.12007668
-469170.65269934
-469092.57272708
-468899.99683753
-468830.73875558
-468490.76052904
-468450.64870225
-467893.84164283
-466226.85085172
-465883.68936571
-465767.24531465
-465520.49886729
-465162.59340180
-464713.05171403
-464418.73978391
-464159.46142065
-463986.58806779
-463332.67243710
-463286.61434028
-462750.18780868
-462441.26857249
-460902.94299491
-460689.54476080
-460440.64502584
-460218.62177154
-459938.15099255
-459827.69645490
-458993.43939567
-457690.08960030
-457400.83874103
-457270.51010017
-457145.83005585
-456885.11459354
-456548.86100125
-456375.23917735
-455505.43914702
-455495.06954354
-455477.94590046
-454701.31206256
-454324.43738398
-454158.55051325
-453138.70879785
-452914.92246223
-452782.21588299
-452514.39156770
-452412.04317612
-451581.44203623
-451282.50331379
-451240.59243868
-450077.11682262
-449904.21717811
-449309.47755243
-447763.13604443
-447655.93004059
-447561.98402655
-447333.42860094
-446921.78379779
-446791.41538821
-446650.83033488
-446279.55525891
-446054.43497590
-445680.37814100
-445632.43552908
-444864.16937446
-444708.93538888
-443676.64207515
-443190.51967871
-441952.15433073
-441797.28618798
-441521.31226650
-441117.15868349
-441081.19229718
-441014.24104316
-439942.89346278
-439856.82556965
-439845.15118373
-439075.91236833
-438426.02482448
-437889.93827215
-437703.04861999
-437685.47286089
-437230.54363352
-436715.30995175
-436450.71739045
-436001.00742647
-435269.45534060
-434599.85342151
-434089.47926411
-434014.26329952
-434007.80908984
-433683.50594510
-432517.98135910
-431671.66351355
-431308.20179029
-430987.42814580
-430788.29099645
-429861.30767572
-429698.41836072
-429631.35880936
-429519.01023605
-429423.46869339
-429301.20745453
-427984.30970545
-427499.48871655
-427376.23596175
-427335.78822706
-427322.67981328
-427012.53744391
-427007.35483017
-425049.24556240
-423191.21517006
-423098.25824348
-422355.93341784
-421692.37759686
-421633.32497024
-421544.56564910
-421118.69485932
-420952.76553245
-420375.33032074
-419961.92368616
-419867.42477071
-419765.14007006
-417391.82075589
-416932.57283157
-415647.06282418
-415321.84011827
-414942.64752685
-414295.61575271
-414065.61654907
-413823.01404719
-413739.89337954
-413331.26054467
-413033.71479511
-412464.06412462
-412031.53866624
-410418.82914081
-409062.41914477
-408888.37643310
-408721.21953707
-407125.20363009
-406814.38392522
-406754.15923834
-406583.01979554
-406026.81480050
-405867.75053886
-405595.35970298
-405500.98889145
-405428.49634022
-404348.43152188
-404205.92943111
-404150.96477854
-404031.90175316
-403179.07238032
-402745.50925906
-401167.05928497
-401025.50365535
-400483.46281832
-398288.69537397
-398257.55383561
-397956.70643485
-397690.33253706
-396748.28632317
-396537.52329427
-396324.97216257
-396059.80918760
-394496.16946184
-394218.51926298
-393539.29897147
-392700.75193067
-391890.50550315
-391863.72241973
-391821.56878389
-391421.43413740
-391234.34840490
-391072.26371058
-390072.00353765
-389502.30498514
-389290.60722316
-388922.69833527
-388572.28390407
-388461.03893100
-388400.34940239
-388149.39373049
-387546.77142310
-387495.53263766
-386610.02880871
-386386.89065460
-386141.54381871
-386031.77860237
-385115.67229991
-384662.07273739
-384178.48462172
-384146.22853539
-384130.38693602
-383790.89699906
-382479.82012608
-382155.53449983
-381982.35651106
-381228.75907316
-380932.66854889
-380386.61925517
-380253.48693971
-379273.53774127
-378889.10469856
-378205.46286484
-378087.93012678
-378018.60528437
-377880.06422942
-376980.48345572
-376838.31030774
-376720.22015180
-375919.53383802
-375316.30140329
-375270.67100224
-375220.14460679
-373903.35398136
-373242.07865127
-372244.42509511
-371890.74657673
-371754.47916582
-371749.97531548
-371515.63194213
-371412.07726646
-370906.37136815
-370515.66948186
-370021.50241108
-369930.72618447
-369429.58851327
-369366.15811767
-369237.00682846
-368699.41795456
-368448.55650010
-368190.10892990
-368004.16885590
-367988.56941569
-367649.66828483
-367436.20575835
-367287.43171958
-366062.13749361
-365310.79081263
-364414.40269336
-363868.68247238
-363752.41604637
-362875.14446947
-362690.58921371
-361713.57657652
-361694.53959826
-361478.52476628
-361184.50788220
-360903.67983195
-360901.29266154
-359956.20278575
-359893.19349819
-359718.49882200
-358985.13823319
-358555.41237616
-358488.44785202
-358103.55674470
-357739.34715898
-357405.34264344
-356114.51552705
-355726.77766425
-355299.36111954
-354966.52589064
-354810.91061003
-354710.66800467
-353672.05130563
-353563.99318302
-353485.10559175
-352611.16708251
-352382.16364699
-352056.23818435
-351616.58477951
-351373.47544314
-350985.94994336
-350740.22501613
-350677.38691041
-350466.01860159
-350445.52779235
-350423.62201366
-349989.46029411
-349971.08026766
-349942.99989230
-348730.39785925
-348523.83898200
-347836.75774884
-346902.08807035
-346153.17507617
-346114.76130402
-345400.66623189
-344211.20886941
-343472.25436052
-343390.55925789
-342919.23274777
-341797.51810462
-341766.91441432
-341488.12247124
-340262.35486535
-340067.51722159
-339598.15639373
-339506.01177360
-339077.86913646
-338413.71988567
-337340.81176058
-336873.54066909
-336848.70623213
-336426.76433627
-336372.97483058
-336021.05284105
-335831.01404797
-335252.83659837
-335106.43872475
-335005.82864866
-334756.19279445
-334336.37627901
-334202.56926810
-334191.33119378
-333655.47694619
-333541.94140286
-333440.34387743
-333274.59674896
-332306.21882590
-332288.06270356
-331541.08638668
-331519.93401814
-330776.39323650
-330771.97546132
-330703.10797065
-330667.54166938
-330587.48150677
-329969.19660363
-329440.86914186
-329374.87736357
-328528.06073732
-328490.78316672
-327800.96418335
-327566.31386635
-327438.96096272
-327276.72483327
-325268.60943406
-324477.15002387
-324302.81277946
-324146.69461332
-324044.49552263
-322480.36396132
-321794.12646425
-320685.42309698
-320666.19076765
-319939.73753835
-319353.57672661
-319174.90362881
-318712.48509849
-318706.88156338
-318545.18910147
-317494.81063433
-317297.07350727
-316791.68719427
-316457.66010981
-316283.70228040
-316228.96715702
-315956.81292642
-315862.49785159
-315815.49373506
-315341.85899514
-315080.10983950
-315020.55357175
-314460.18282735
-314050.99749637
-313745.93714195
-312930.82714936
-312799.01591771
-312728.53277845
-312608.19194111
-312486.29468203
-312301.46142275
-312058.36105288
-311811.49802878
-311589.34895232
-311585.21773309
-311458.51232583
-311198.73094135
-311087.74301771
-311072.24399432
-309955.46750741
-309693.11363660
-309325.63972787
-308375.84373612
-307981.17704696
-307318.42165912
-306745.55105346
-306288.70046778
-305438.91142369
-305362.17835989
-305248.83525637
-305082.58630281
-305050.91015228
-304914.89144518
-304743.62719639
-304504.45080055
-303829.95117393
-303536.71924104
-302922.20830882
-302883.61925657
-302823.44250403
-302551.44063536
-302473.77444595
-302140.80077167
-302128.68425330
-301823.67174477
-301646.22338061
-301334.71592366
-300935.68814054
-300056.83796966
-299916.62259622
-299224.53928146
-299126.06046967
-299039.68455980
-298901.77473609
-298792.32235196
-298258.68992955
-298094.30590370
-297998.32755083
-297678.11994104
-297603.04228228
-297300.07707538
-296518.89846752
-295808.04070127
-295631.78689638
-294708.48477144
-294379.74083726
-294160.60754060
-294121.85132889
-294098.26183761
-293558.71175821
-293238.68165565
-293177.91818711
-293144.42041490
-292675.60233190
-292530.60592370
-292295.10480303
-291026.00614150
-290771.24144505
-290107.16871247
-290038.52049484
-289981.14703231
-289728.87609591
-289407.34575504
-289066.25990983
-289055.92623991
-288829.91879827
-288087.62314686
-287736.42618711
-285609.92032486
-285380.69088548
-283805.01486035
-282890.59234897
-282551.11172408
-282469.71290751
-282148.80283353
-281955.22226788
-281909.11205639
-281596.05022616
-281043.32330182
-280851.54253447
-280575.76834835
-280452.41057278
-279141.99971278
-279134.29846616
-279116.51560829
-278609.47797131
-277382.24493705
-277197.43277213
-276518.49064990
-276062.48014352
-275032.25190453
-274479.23830737
-274267.87533981
-274082.56529348
-273087.58346935
-272471.16801946
-272369.73208435
-271919.70512786
-271919.20550893
-271726.63003753
-271403.18351210
-271235.58653677
-271192.21699984
-271092.00539130
-270960.47023501
-270915.39498153
-270231.56162307
-269998.70144999
-269817.66285180
-268056.29761307
-267867.53604219
-267607.79502960
-267443.93760690
-267030.75051067
-266566.24693975
-266350.57554040
-266268.09989860
-265996.72390028
-265654.05511324
-264703.14642151
-264397.79864661
-264360.44763856
-264010.83150725
-263573.75744723
-263212.63095994
-263054.08491229
-263019.64621297
-263007.30897939
-262787.34744588
-261285.95588050
-260988.97586418
-260613.54630706
-260411.36068119
-259760.45837353
-259632.00660644
-259485.64062390
-259252.22054778
-258638.00976458
-257583.10711161
-257552.95763948
-257140.67384609
-256075.04495841
-255520.22903431
-255199.85551211
-255113.20021993
-255078.09125192
-255025.11442564
-254313.31843946
-253975.78962475
-253603.24077159
-253486.16977082
-253430.05410677
-253235.94479925
-252891.19647647
-251827.67073536
-251727.67403159
-251233.70946512
-250122.33692364
-249623.85059384
-249357.87718511
-249265.49792136
-248936.53771898
-248195.88720908
-248049.35664709
-247468.45955160
-246793.45544933
-246353.78861267
-245503.41258902
-245387.87100494
-245090.85936049
-245054.30249724
-244962.28951227
-244934.95349077
-244255.05719916
-243982.03081793
-243750.66699913
-243529.27197841
-243289.06444217
-242586.59091242
-242457.25356112
-242019.32166976
-241385.35395984
-240503.60468564
-240441.61360639
-239817.10693320
-239755.43023047
-239616.77911301
-239328.53882114
-238598.10713074
-237796.84693636
-237687.54082600
-237601.49960287
-237102.38900062
-236948.49188491
-236694.94374031
-236258.36355307
-235267.84785639
-235053.35744162
-234575.94780927
-233865.65995895
-233698.14011904
-233145.07594725
-232704.31862411
-232395.74084061
-230874.97454890
-230601.84541788
-229351.33927458
-229093.16340506
-228960.38088761
-228845.12955672
-228575.70586673
-227954.13728846
-227770.21809390
-227410.54486664
-226419.52345878
-226293.77260715
-225807.57664845
-225347.19027890
-224870.65525802
-224815.88709017
-224176.29885929
-224090.54063908
-223621.58325209
-222422.57830866
-222349.54627746
-221616.27422685
-221179.81120556
-220411.93133378
-219893.04650452
-219460.06179585
-219013.73153544
-217996.44684665
-217980.90261085
-217231.51589097
-217221.97933760
-216653.17483002
-216368.34468507
-215676.15775815
-215582.96120792
-215430.68495509
-214399.21591858
-214270.16646812
-213936.08800998
-213654.32999748
-213651.35688833
-213579.71220424
-213057.08648584
-212274.91972373
-211727.05771346
-211676.02410029
-211429.96819708
-211104.60785565
-210939.29392904
-210642.47709473
-210590.91519071
-210114.29795000
-210009.83986953
-209800.67578090
-209485.15412390
-209414.37179042
-209319.82785700
-209261.59892965
-208632.66854408
-207551.86088846
-206654.63172998
-206577.57699673
-206530.57540263
-206044.14781383
-205218.67041936
-205159.13537924
-205113.20008769
-204287.52463891
-204160.67374119
-204081.94055950
-203578.63415165
-203097.61286542
-202967.45476552
-202381.44112100
-201336.19420251
-200979.83331730
-200329.04197406
-200041.19786769
-199846.88918083
-199245.83405276
-198961.00582403
-198438.96345356
-198292.03820352
-197631.08646532
-197375.69080914
-197361.01087309
-197347.95742763
-196817.85681807
-196380.16125301
-196369.90757413
-195865.16452060
-195771.98204317
-195044.54382381
-195012.05444280
-193535.19115368
-193458.30025961
-192739.86012901
-192623.06228025
-192109.25593941
-191808.46874115
-191228.91355536
-190974.14780952
-190174.18493185
-189922.89894316
-189753.70751856
-188652.27165837
-188186.25217155
-187957.76172777
-186423.76485849
-185936.76605489
-185660.45095344
-185411.19071188
-185281.31551343
-184896.58360745
-184834.07688781
-184775.91549240
-184360.14805644
-184086.26913327
-184033.54799504
-183180.47407942
-182776.79949014
-182523.45033657
-181476.93753294
-181206.49333060
-180354.85004904
-179738.19188076
-179480.72655263
-178983.42181398
-178812.66692235
-178517.57904011
-178073.80725275
-177909.40471579
-177773.95159856
-176504.70813832
-176003.17861660
-176001.31065250
-175625.30768918
-175264.90605631
-175102.63775805
-174634.78171831
-174288.69436427
-174227.11805277
-174193.26777735
-174039.84289010
-173901.40323654
-173900.03967681
-173496.00294322
-172979.13824934
-172338.02443386
-171704.53715404
-171593.88998145
-171440.15122293
-171268.46909477
-170939.00258333
-170704.47828331
-170335.30537440
-169881.35603116
-169535.30610472
-169118.04091406
-169084.06914363
-168642.62362681
-168559.29610185
-168526.55099058
-168321.84800615
-168181.11321373
-167831.57254555
-167691.63931823
-167290.38973559
-166382.14991582
-165739.18729833
-165553.62138330
-165544.22015448
-165329.06935703
-164314.36381208
-164257.97670705
-164029.55844625
-163497.30423654
-162940.63134460
-160316.56634303
-159579.66164276
-158799.99599455
-157260.05511013
-157113.80475531
-156544.84653269
-156001.32885328
-155712.41455622
-155704.36155798
-155530.32696019
-155236.36247679
-155017.68595733
-154721.91364299
-153690.72744691
-153147.14267117
-153091.38989722
-152671.74068870
-152120.77483721
-151477.22546754
-151299.79642428
-151011.89208424
-147285.85926845
-146650.47499830
-146304.12924627
-145987.30734306
-145771.78414669
-145695.07162420
-145062.54534583
-144442.14806712
-144181.44851437
-143795.68755776
-143744.99364862
-143558.00882114
-143519.24255620
-143072.88327134
-142473.10228582
-141760.55004070
-141342.74785220
-140942.90102879
-140757.70854683
-140712.11317474
-139559.58366505
-139551.54822285
-139320.17201312
-139289.06182778
-138519.50326386
-138432.08904588
-136952.41290122
-136116.38897581
-134948.16653962
-134148.13480298
-133887.70700048
-133003.81324488
-132604.09097567
-132253.90654846
-132239.51017453
-131747.35020168
-130747.89351080
-130562.11234738
-130116.92349825
-130064.49078805
-129195.57043334
-129071.61740545
-128896.82041347
-128377.53065118
-128133.00583252
-127996.68066760
-127320.77857768
-126658.83403073
-126396.28362639
-126233.99612497
-125793.01788040
-124887.37802573
-124873.41484445
-124075.86962348
-123638.80937236
-123308.35894292
-123197.90115099
-122820.23534124
-122730.41279727
-122595.89296779
-122569.54724526
-122438.30952268
-122342.48134921
-122111.54436203
-121776.28220324
-121764.38365970
-121653.70626474
-121631.28166010
-121558.81948722
-121518.74122871
-121417.23535221
-121003.52448662
-120427.38463063
-119086.33029885
-118250.44200165
-117731.56693069
-116283.10651521
-116151.93696809
-114700.43847901
-114608.11367588
-113933.38597166
-112543.73883774
-111418.48191136
-109541.61393583
-108356.20287302
-107936.04369372
-107844.83652013
-107727.84458190
-107478.53204664
-107182.48541718
-106627.87955343
-106543.05843254
-106460.26716317
-105490.65712739
-105335.93309478
-105269.63170511
-105001.27258207
-104887.43587936
-104705.67650519
-104409.67982137
-104323.50789335
-103459.24977248
-103389.88801777
-102922.70060453
-102288.49658187
-102258.44537559
-102067.16721626
-101952.20089778
-100785.00186619
-99168.91140227
-98251.63994919
-97564.28096947
-96954.31968983
-96889.52558007
-96614.58207552
-96327.42955812
-96184.26277804
-95997.36343679
-95405.14183161
-95142.60166908
-94969.54956800
-94741.41750322
-94664.70656559
-94639.13619563
-94055.66849727
-94047.86403733
-94045.25420360
-93642.56539662
-93553.71745421
-92883.82669261
-92111.00747314
-91504.95106725
-91258.20695450
-90438.04750259
-89843.30896954
-89837.21008011
-89321.60195665
-89230.30838576
-89025.67950654
-88729.75038309
-87672.82444693
-87391.28817008
-87081.50208619
-86956.84598029
-86817.66482458
-86466.36946022
-85054.68333845
-84917.69532539
-83523.41456234
-83325.62417506
-83307.95486453
-83186.80188837
-80613.38333902
-79943.52746822
-79939.63071329
-79786.80129422
-79498.75440854
-79296.89744996
-79187.89837275
-78611.77791458
-78410.60921484
-78019.55924214
-77982.22280239
-77697.03608375
-77558.16108713
-77477.49296111
-76602.51227425
-75775.48964756
-75304.08520548
-74180.26973489
-73475.53532148
-73466.52780245
-73204.31411653
-73074.72316212
-72915.81161957
-72774.41162547
-72533.69113104
-72513.15770050
-72078.76388468
-71894.87166315
-71672.36503945
-71431.17184653
-71326.69419778
-71326.07544685
-70682.26168141
-70638.25394265
-70297.05411039
-69323.18496577
-69195.44480320
-69121.05716900
-68986.16485316
-68697.31428028
-68625.17849526
-68442.51175470
-68409.20400736
-67890.83932782
-67857.77099047
-67723.09456348
-66955.01480917
-66812.13476920
-66728.22516309
-66123.67881556
-66047.84596712
-65848.88996086
-65544.06594770
-64655.76110879
-64495.32195354
-63998.69206902
-63727.71368099
-63691.39614452
-63186.40510462
-62867.29638173
-62809.32891711
-62620.81597212
-61940.89725240
-61217.20603702
-60503.74933055
-60442.50283527
-60400.45653808
-60124.21398590
-58874.83339724
-58093.16099020
-57919.61833389
-57660.46860044
-57215.00328596
-56139.31110810
-55881.73704702
-54662.88412850
-53862.64408782
-53821.14182906
-53763.33692893
-53357.91493282
-52392.08486392
-51839.86675647
-51373.88399891
-50765.89940339
-50366.73777418
-50292.03328018
-50108.50946682
-50005.51389986
-49829.62153203
-49060.66250948
-49034.75849552
-48549.56324966
-46675.82972753
-46649.22607467
-46560.30126270
-46406.65177657
-46252.23901647
-46138.13420137
-45623.52039196
-44639.70187499
-43835.26464766
-43574.00642689
-43370.20038096
-43252.38059523
-43019.48251501
-42672.10046520
-41763.62104514
-40867.28626228
-40705.64380967
-39998.40262833
-39723.25855705
-39605.19219268
-38776.47405390
-38634.06654874
-38385.27604082
-38172.39256099
-37763.65077128
-37298.24498535
-36754.22738238
-36625.25362645
-35882.03341347
-35532.95703468
-34883.72963833
-33199.08559136
-32589.84882747
-32475.09122085
-32340.80766234
-32147.89925194
-31814.19297898
-31599.55420378
-31005.89747418
-30772.92149943
-30610.35522758
-30395.52892738
-30149.24787747
-29915.80925544
-29716.94587825
-29530.69752874
-29084.25347454
-28309.28705382
-27907.41324666
-26714.60317568
-25792.91673555
-25382.79205437
-25154.12215698
-24984.30140931
-24934.61390882
-23785.96425543
-22908.23727455
-22709.28412954
-21981.46283962
-21501.70393565
-21435.58841274
-21377.87468319
-21317.63287382
-21016.77162070
-20689.17376723
-19454.89141974
-19390.81711063
-19089.53684812
-18811.43860430
-18722.64720574
-17589.67140308
-17509.62456417
-16313.92722835
-16310.25848465
-16200.61698274
-15912.37220964
-15380.74396943
-15303.44541407
-14893.28956600
-14647.66825935
-13953.32645473
-12728.72688330
-12337.00935284
-11644.57495351
-11496.12851431
-11495.51145606
-11400.98723290
-11165.98865406
-10094.91511801
-9785.68648692
-8231.68980362
-7608.03574334
-6968.22640052
-6954.38690966
-6785.17022537
-6706.36548654
-5908.05741319
-5703.04025441
-5578.79566800
-5524.10754875
-5172.93521818
-4247.68633313
-4188.07214253
-4083.68454615
-4067.74543827
-3879.03251054
-3422.69280303
-2893.13826300
-2806.47858091
-2197.70344798
-1780.47505543
-1718.50783927
-1299.52774664
849.72094653
3277.11154853
4035.21880621
4120.18878568
4484.28954320
4599.42115717
4909.03926507
4955.38465658
5565.82483512
5960.47985984
6599.79759568
7346.92144276
7357.09667615
7368.71836266
8694.02962255
9102.83909890
9630.78546762
9652.63007316
10105.07322078
10878.09054071
10882.50098942
11130.05985854
11138.23595917
11252.54413565
12775.60326459
13328.34341326
13743.65318835
14327.44749150
14327.96853162
14361.36655143
14435.53815848
15116.25802885
15666.58811164
15683.05947165
15819.59384582
16234.98338631
16665.71389903
16776.06533141
16851.67576252
16909.32160887
16946.36745107
17854.36056006
18062.06174433
18437.96364270
18753.44586868
18765.55232417
18820.22568748
18920.12128498
18981.88818335
19151.70048782
19198.41343777
19952.27238865
20367.87731019
20526.33509571
20761.77046978
21121.33583970
21411.71916958
21501.25678138
22008.02633025
22019.76664093
22440.59795510
22473.54477422
22548.07467149
22976.01058626
23679.96824145
23867.00364432
24405.59752970
24694.82304543
24745.47050927
25018.37730299
25267.76247291
25561.23806755
25631.30329993
25838.75136891
27024.22785001
27180.66822375
27409.19309978
27452.09315680
27695.10998602
28727.76264841
29118.68050091
29300.77304612
29341.80698437
29355.79341957
29642.57875812
30535.30314309
30667.92032754
30819.96077280
31235.63944880
31272.63672332
31426.26655806
31644.32131667
31645.65956275
31662.07028602
31825.81056839
31934.00055185
32387.34654757
32919.46523071
33237.20115905
33823.71902705
35106.00692899
35641.53495073
35989.43633233
36230.22400567
36478.32705666
36518.23910727
36678.63108983
36773.13719513
37196.18793109
37239.54640062
37753.04198683
38260.45209633
38633.65100009
38850.81374616
39284.13224800
39356.16301377
39556.29862814
39940.70253300
40879.39727384
41230.54822696
42321.35834411
42592.11085401
42690.66136419
43072.55967079
43085.65124675
43511.35702275
43881.86881831
43891.05155253
44399.72226122
44423.23191353
45286.57343415
46067.19249603
46102.24767242
46372.12248547
46413.89663605
47350.15515098
47721.52821581
50363.18154692
53105.51318953
53624.03962984
54067.54462005
54142.32216518
54480.52950177
54670.14344035
55267.55094321
56215.51830043
56259.12047998
56388.64558115
56513.37642124
56814.09734655
57056.42742865
57079.37079083
57551.29317961
58140.43383570
58372.74319283
58985.59220985
59145.00551338
59401.53557143
60100.57893885
60313.42857264
60372.39089616
60627.24532228
60701.14910386
61620.05651502
61805.94616252
61876.22352125
62163.57299101
63212.01557162
63383.36672380
64168.57254043
65098.12545727
65711.78936566
65887.79510673
65964.45541055
66919.48562218
66938.10394026
67109.03217768
67315.44299314
67910.29861345
67992.73299424
68262.19769284
68286.70162012
68548.36382769
70263.13629797
70464.79606781
71025.86554637
71238.44845399
71246.77380639
71347.77744696
71870.00899494
71881.74556715
72204.89355287
72539.97673123
72660.90686789
72842.74079990
72953.81350611
73654.27918141
75156.74557317
75237.42465968
75310.55662466
75401.82803155
75412.12861631
75530.37483038
75782.63511289
76205.31570302
76206.58651099
76261.48323060
76406.68861027
76684.08867323
77545.64538965
77607.50926956
77908.78853677
77991.87666117
78019.81582261
78552.10398540
78894.54296815
79696.25427318
80059.85864168
80538.04369127
80829.47934019
81540.18668585
82481.50498165
82604.91035573
83422.02627240
84106.73114938
85377.73246839
85426.41788286
86189.52848466
86777.67304216
87061.72940657
87465.97118121
87784.68513625
87902.88139454
88597.03019361
89510.05073526
89719.51845868
90221.08918806
90441.27147232
90910.59042809
90916.52361256
91157.49378378
91455.15113194
91557.88895324
92250.10757991
92685.16853891
92828.52626319
92912.24271804
93287.23432567
93530.21592622
94236.99768964
94295.89074460
94732.49344535
94951.73696864
95017.04768347
95303.17582299
95345.58311571
95737.69496999
96002.60975056
97186.29477578
97251.69792443
97319.52062721
97659.26461028
98226.66102281
98416.00799012
98462.99015067
99181.83507690
99377.32893814
99484.03468180
99550.25890258
99911.54093896
100072.16038069
100218.53326146
100372.05747825
101272.19922084
101794.87145864
101977.90410325
102627.56033772
102730.59561313
103139.72515412
103203.48711255
103254.73720102
103304.73201598
103586.71948869
103723.72948250
104546.45377440
104685.82191101
104690.63104551
105275.31188737
105546.11452393
106352.66177634
107338.42907187
107452.33683006
108161.24111638
108210.26037651
108703.16538751
108806.02926744
109190.29098608
109213.82780985
109396.58381163
109989.99835129
110140.77574550
110414.78750471
110473.36602174
110543.64134912
110627.23482821
111128.63517302
111174.77000780
111356.37925762
111565.75855063
111616.99439408
111637.80635796
111646.73840615
113025.18177685
113046.23711651
113504.64050070
113658.84867120
113740.20350126
113780.02435509
113865.00128152
115229.54567940
116589.23423895
116639.29080534
117107.22496723
118367.71546173
118449.74033843
118671.43222280
119167.15076853
119399.06924063
119719.30343620
119938.93679656
120771.86595524
120806.04350393
120943.48500110
121835.48195485
122273.19947417
123280.26606340
123603.38327838
124545.12244608
124860.58182089
125196.91627438
125751.22663713
126495.43752874
127085.04601720
127463.48694209
127997.70470124
128282.14090934
128348.37928195
128977.85718648
129102.27196025
129110.22484963
130761.28833659
131057.09893426
131391.49504353
131562.56071479
131624.34648786
131875.37970535
132616.62441211
132742.41128710
132893.63861293
133544.74494167
133838.87547511
134014.98592708
134034.58114225
134258.55906920
135165.51213605
135390.22539324
135682.92962523
136200.78775377
136532.18033865
136551.52595599
136557.20042245
137126.08419235
137262.68015522
137898.06870894
137914.58004630
138716.83956705
138861.64932215
139237.31121635
139507.44910003
139940.51696021
139951.42754064
140134.71208114
140170.59157549
140640.13723850
140834.76791340
141247.23270298
141395.92517804
141658.30849827
142186.82693484
142280.71149554
142776.57478644
143124.22224524
143339.12099421
144703.48674145
145171.91795913
145324.90845340
145341.51818447
145690.65242995
145994.43218141
146003.08205252
146189.57150949
146493.31757943
146696.85085757
147160.47034510
147713.95694985
148160.42890987
149108.86819665
149264.00988493
149797.98224570
149953.59600494
150079.97831071
150160.70055315
150743.93572022
151696.16551601
152101.31673782
152182.39533355
152585.92035054
153646.23441923
153716.79849061
154022.73144026
154100.12041512
154553.11828869
154758.61694315
155997.05962031
156311.33269476
156510.80285851
156544.68523562
156874.44163237
157073.27158493
157225.40760152
157474.68475957
157727.30418898
158734.55070817
159105.40556240
159880.29935998
160041.34231021
160452.37805342
160690.43413169
160710.63635261
160766.52916747
161288.63999231
161353.44575777
161758.39712928
162451.67690713
162571.03056888
163686.76688980
163907.78639465
164353.10511296
164518.87397664
164905.54293190
165706.91227558
166482.70479136
167386.34726912
167770.27509621
167933.91894344
167979.67227380
168648.38925977
168835.67305914
168928.66336266
170071.01039034
170291.15185807
170683.26843527
172209.54019280
172745.41360225
173219.23729578
173577.87820273
173782.76103232
173810.50307221
173957.57007484
174059.97291454
174357.15815472
174726.86939735
174808.88329641
175068.65578684
175398.43236105
175417.68969190
175788.79462050
175974.76536293
176134.97956407
176215.02659968
177978.48614418
178033.09785804
178053.48274588
178582.55523697
178924.31051253
179021.92692253
179269.65330841
179494.02152390
179631.22508397
179824.47687535
179873.37968453
180941.80650151
180969.82557787
180978.36052326
181475.02362120
182027.63919959
183235.85908253
183624.94243963
184415.46342441
184963.13207368
185265.30170315
186002.34825816
186571.18948037
187476.16327494
187797.50517492
189417.02920521
190160.79471966
190412.92470638
190527.29166647
190798.96894061
190942.30083676
191045.83981773
191336.93121279
191390.21605820
191564.91905769
192381.61185165
192450.96822273
192656.60343585
192700.64674329
193189.00991229
193550.20790954
193605.32048715
193645.27263334
193671.83867320
193708.89447120
194120.91098913
194446.95615884
195332.86088119
195992.55496619
196115.62169096
197064.59019447
197121.81300049
197445.24067696
198056.25555827
198298.37134131
198384.70566454
198641.05718174
199018.70676453
199799.31272737
200157.58173345
200373.00650081
200466.98604592
201022.34516870
201118.33997720
203073.18103566
203510.64015667
203795.58732281
203844.32163393
204175.19535174
205026.24274490
205227.49714656
205456.56324134
205868.63927115
205980.72089901
206142.24598033
206729.99587916
207333.88452351
207589.47805547
207837.79759297
207997.23761781
208164.60636766
208517.51799252
208705.22684367
208858.48180214
210209.75584772
211248.93075559
213688.44488635
213916.14983328
213949.55455198
213951.26619619
214211.55425219
214591.00110050
214608.10474026
214848.01988281
214913.18077895
215313.67739351
215368.32475771
216341.03917670
217274.34731030
217539.39438008
217944.94761805
217956.64158417
218553.02200035
219299.77714444
220627.45973912
220653.32058522
221041.04120899
221182.77796858
221243.51164598
221308.05225520
221406.49544133
222326.28289122
223439.35490512
223496.62094280
224094.39863755
224933.13352621
225348.74845655
225366.30056118
225407.50129228
225487.34436941
225582.34745390
225746.78039727
226227.22718077
226479.40194762
226573.14457190
226668.98694521
227699.78775870
227712.97729308
228039.10140264
228100.29307252
228193.09636556
229350.70954479
231660.31176440
231690.48469594
231907.56907170
232349.55472193
232387.93551661
232943.06459499
232989.81150959
233328.23393139
233603.99122161
233844.99408997
234105.88390134
234222.38815820
234412.01047410
234533.46554097
234901.79468509
235079.11163509
235111.56161676
235401.58659810
236039.59895639
236287.24559927
236389.46872137
236452.03705157
236741.94480889
237378.49083452
237993.13257379
239250.96796333
239982.66122234
240185.89434356
240233.78694490
240399.79677068
240560.25471692
240630.29309360
241546.82254263
242198.62146714
243205.12537157
243923.60801975
243986.32122888
244244.44112023
244264.85901929
244320.17942452
245859.29864778
245872.62346980
246366.58045837
246789.23206979
246854.69814217
247124.05440728
247529.40612699
247677.57340917
248350.36784078
249489.22283541
249825.40284609
249913.38400157
249928.62114234
250144.14967226
250162.25760720
250961.62043309
251360.44993357
252042.39821657
252056.96437358
252766.33279188
252865.10988303
252899.15468436
253281.65848409
253499.45073509
253874.06887370
253890.97888588
253907.50475134
254818.54221059
255414.67456633
255518.41459043
255941.42040956
256112.83966605
256372.84300609
256389.12846226
256874.65425680
257825.70323743
257842.81070936
258645.26009847
259034.49529105
259093.67952909
259372.43231528
259475.11301027
259645.59546293
259769.87811524
260587.00978486
261662.26963356
261696.23624449
262473.92083823
263539.40569442
264024.30126905
264345.59223453
264370.09144582
264711.73225186
265087.11992138
265145.48298376
266059.03259717
266295.56144568
266441.72208515
266762.95463806
266821.47377279
267145.72657278
267754.61398099
268498.08324262
269408.38178367
270008.79170494
270146.81520177
270382.25238480
270510.71279858
270747.20356643
270927.78791672
271641.25106017
272380.89065644
274100.90061726
274300.70756445
274686.97094247
275195.21406601
276315.10022365
276400.07267533
276407.91096578
277074.23771807
277082.04635191
277352.89027228
278190.53723428
278288.75442632
278338.65024082
278696.45640937
279028.57474604
280388.44211837
280640.29694651
280701.21152223
280758.62611573
281241.00858572
281262.63313973
281899.77275270
282354.76372201
282395.53696293
283606.20172993
283747.68578267
284155.11171448
284439.75994424
284909.03110371
285086.93260692
285230.55997815
285390.73236432
285697.02931360
286267.66572424
286425.09005558
287510.12982192
287584.71114861
287975.62314001
288359.68705696
288786.84825132
288969.22884148
289137.37922526
289192.78770948
289523.77320606
289708.78372605
290107.64875950
290212.53448416
290494.18424631
290814.38274516
290907.29594561
291671.62889515
291700.04521891
291830.31177812
292098.29124614
292251.25075226
292292.56813328
292338.95847563
294656.63340182
294988.61383863
295079.96448047
295102.62057956
295124.47812123
295497.02780210
296442.25862198
296558.06388305
296667.59234336
296949.03040002
297444.50467645
297636.43096358
297738.61322296
298016.21161263
298217.96151859
298966.96315985
299289.67909925
300083.04847473
301954.98411541
302170.72441605
302838.77039378
303554.07240878
305357.99235401
305454.79502321
305779.76188621
306630.43176050
306960.44552918
307738.06187838
308198.89214330
308814.54383298
309254.34379320
309550.80329215
309737.80388872
309823.61153424
310767.89030424
311319.60649168
312173.74043310
312539.68340731
313011.24591943
313991.56426712
315333.92446140
316233.84506275
316376.53768937
316769.53204590
317090.53461514
317144.97574053
317216.87723958
317240.28447073
317292.56734023
317421.12882350
317677.00926194
317688.66597941
317795.69459014
318152.55441074
318548.60812612
319081.49073074
319429.87763030
319441.63293714
319831.41370031
320040.53413023
320056.68828940
320216.60150502
320268.94790207
321039.44309174
321096.59940280
321198.01507623
321310.60160494
321440.95776922
321610.14796172
321941.71880283
322016.78289991
323999.37009882
324238.62754515
324685.54571557
325795.71068145
326105.65638361
326133.41552960
326909.36321403
328533.86771565
328566.19822872
329411.65236430
330293.32205880
330645.52319556
331282.55446809
331517.87686116
331538.69349672
331761.88331624
331773.97724807
333445.37084269
333466.18969716
333556.50351007
333805.60353690
334778.05584736
336916.10264092
337376.42714502
337699.85045976
337996.76136648
339163.23602267
339287.80954033
339744.20421487
340485.51311334
340652.99716601
341588.55856786
341814.28286405
342342.52261107
342747.75410144
344516.15241539
345223.15579180
345704.32745454
346380.44286657
346583.69794325
346715.47919821
346875.23550318
346929.67118278
348362.49845491
348555.14564290
348765.71223805
349542.34177295
349754.49208575
349839.98118413
350659.03398794
351107.71534427
351996.39734188
352766.94058958
353274.20858455
353408.49785714
354720.30632895
354761.63259629
354934.90046503
355122.43904383
355282.26718754
355521.52856729
356547.49979161
356777.21247544
357075.54234501
357096.00540275
357809.35504086
358000.39156974
358239.82191477
358425.12216679
358477.99172696
358561.49474297
359154.83319189
359357.61875032
359536.27865840
359642.69725995
360048.56680244
361802.67215881
361852.84666978
361875.55181688
361955.29785372
362355.32010418
362395.57015949
362778.15040390
362925.79789143
362983.39494440
363093.17592092
363491.53745549
363654.84022877
364085.44609654
364236.47580505
364498.28420545
364522.90584827
364597.04666809
364768.87468818
364987.88816568
365235.17019232
365290.50669470
365520.12657465
365911.85178901
366166.80152238
366718.68110991
366820.39805200
366928.49379296
367088.57745613
367457.99052640
367500.68761776
367696.11369161
367726.72286894
367986.13371677
368281.44215614
368407.76006916
368954.78247442
369526.50367608
369766.35756447
369783.47649552
369927.12842104
370383.38712977
370849.92940041
371292.53581759
371432.13866425
371605.85848817
371767.13949335
371978.99010289
372368.87279271
372467.18471827
372931.08144941
373690.69438143
373761.67653820
373776.72750807
374103.52677444
374873.39283107
374986.08668007
375200.40802162
375772.54546110
377068.35116583
377487.33015543
377827.00464586
378773.36496528
378816.67440965
379376.14138464
380160.13389290
381237.21275978
381250.16651326
381495.47405577
381656.71162198
382058.98034249
383420.59372652
383480.14521889
383847.95664144
383955.50258641
384407.20280815
384897.44867773
385481.39693973
385951.29047537
386349.42853070
387551.61688468
387610.19077391
388895.93992135
389092.96790254
389447.68690874
390419.30723232
390515.12653096
390535.02780307
390765.33375318
390847.50802467
391233.91205423
391401.43514407
391454.29731218
391598.62744655
391987.20921635
392607.24936501
392726.90200867
393234.59532064
393706.40950797
394040.09939458
394390.47753376
394478.41044598
395162.93296502
396224.84712782
396472.28787296
396584.01159574
396913.97276666
397224.72180256
397829.26654915
397857.76468826
398363.63092192
399031.04539616
399312.43661059
399393.10149626
399563.96408829
400256.38252749
403675.82697322
404276.76083351
405135.51048141
405193.12583212
405547.73217356
405765.25592637
406208.99181690
406672.15970537
407264.18231137
407512.31668975
408035.40180180
408689.93497008
409080.06542672
409385.03996586
409481.86293300
409698.93627604
411239.18520596
412443.56789475
412704.75146508
413735.74771623
413806.61810700
413884.51538946
414523.93151883
415265.79674066
415730.56062626
415800.16778304
416227.90105619
416495.35547201
417300.90183275
417446.58498410
417886.06912241
418003.17892872
418093.90224733
418161.07435296
418557.91455595
419189.51709493
419197.14046865
420145.89492062
420529.57817389
420757.21406207
421324.47141179
421595.75542663
421905.94695341
422600.28246737
423842.07356650
424270.57843307
424495.79681194
424934.15959403
425404.43667126
425669.21328870
425815.72295050
427044.13861612
427396.40946270
427853.59330734
427921.58107219
428337.13712324
428626.99950826
429471.81759448
429522.95636781
429661.36327132
429782.99510371
429911.58535313
429992.04254997
430104.43988502
430183.61119891
431008.54685336
431085.08766101
431555.13265570
431846.63413102
431938.28668530
432596.49958969
432724.45312540
433266.21620007
433674.23815072
433716.79832481
435370.84064008
436310.01158714
436764.81286223
437505.58316025
437837.59742063
438289.82876876
438625.71238543
438909.76209655
439524.31024965
440464.75727943
440689.67607346
441083.69996520
441320.79158292
441348.49317225
442346.14942907
443194.86914297
443367.01267646
443441.36576726
443446.49337572
443451.47396764
443682.75686164
445509.85938045
446416.00954396
446645.06918389
447114.68073973
447208.82903649
447629.98881864
448212.74424375
448239.47848937
448319.87100806
448331.60609377
448553.40048169
448619.30541462
449340.94543718
449346.49954280
450678.82317136
450929.60592596
453043.23584121
454254.06649622
454488.87173609
454779.14143543
455338.31266477
455556.45386650
455671.79441699
456339.22833429
456469.03891147
457242.79056565
457731.20231664
458082.37166498
458109.35861371
458134.14677745
458719.86541498
459088.22841786
459482.60944023
459806.81103635
460156.66032496
460506.67750740
461328.58288495
461707.43720577
462240.74819651
462363.45008159
463471.39268551
463751.86862353
464034.09998941
466072.67790348
467138.90461673
467579.79158145
467588.37862805
468403.99669938
468443.80820896
468786.44609290
468847.29667977
468901.87274608
469481.14767835
469915.43673793
470031.87425536
470257.12236144
470279.75491368
470542.49042344
470729.12426719
471535.62087452
472341.10285145
472755.16596220
473153.18188674
473442.53162064
473453.13908146
473756.79583814
474090.34210343
474941.31530377
475205.75321651
476100.20458494
476999.33283854
477363.14563831
477790.75844562
477946.09607127
478034.35902540
478277.38221629
478382.44595175
478509.25265671
478739.35660358
478840.19118742
479901.37167808
480727.42250114
481462.10507955
481859.01929346
482086.03962555
482826.31491787
482930.37217472
483033.91507145
483288.82007626
483439.72136305
483856.94074276
484070.03535972
484675.10491439
484837.50044238
484850.76323447
485478.76191917
485704.89988034
485825.57338909
486299.16945778
486867.24904808
487312.78513407
487635.16101263
488272.90800658
488702.54264953
489738.89215344
490050.00636995
490099.89326597
490138.40322769
491376.49411242
491466.79780189
493469.35953376
493611.70976611
493830.99777564
494214.15571189
494884.26135200
494960.30234705
496041.94492758
496069.47762790
496256.28765092
496296.75310393
496630.94321366
498636.32975258
499748.84246597
499805.68319879
499934.02014948
500285.47769111
500642.40548018
501567.48359746
502288.44557650
503331.15476362
503483.99918802
503488.00976741
504076.95255395
504485.32776285
506624.55809283
506838.64474329
506862.89624786
507011.21109016
507019.83866526
507965.53732994
508145.05897390
509575.16395211
509712.12559054
509774.19747509
509897.09174139
510985.62055406
511142.22864941
511810.14337339
511991.83370174
512674.13452331
512698.22369733
512962.82086397
513012.34384099
513134.26538753
513340.76144387
513375.71035390
513515.87599971
514924.11856459
515090.21685600
515303.82040517
515855.93057605
516017.80227304
516330.64239723
517425.74609175
517559.72983001
518001.75438521
518575.43629480
518886.91230451
519332.88513797
521009.69296927
521397.44744693
522235.83507708
523385.25188940
524611.37782502
524843.80731367
524897.98936101
527444.74327004
527804.43764171
528568.32802452
530728.41414658
530937.55394258
531333.67144759
531521.10132045
531606.53243291
531773.39926365
531922.46041485
531930.67212024
532206.46406115
533145.71344597
534597.92698843
534598.64777766
534983.23092918
535239.62961409
535465.04474051
535497.03209126
535550.90630614
535945.91516926
536946.15249096
537642.75832847
538481.70548252
538520.52137271
539213.10466902
539518.80349077
539922.81527875
540068.15530679
540319.47811088
540320.94406750
540579.61959121
540774.04382302
542580.95883075
542608.98472230
542689.43848489
542691.28548159
542767.51456673
542929.28268923
543039.62136310
543196.66756361
543843.20217118
543873.73672517
544176.72587759
544535.31129722
545225.40671243
545725.46861744
545942.77391437
546247.70806281
546471.95097140
546648.60381666
547265.34327956
547671.48703566
548007.95547279
548141.38363574
548503.21378793
549395.48791214
550565.87682733
551130.92069129
552465.42821510
552732.28504838
553052.97764198
553142.98395182
553192.67354970
553627.87116534
553961.91113613
554392.09834137
554617.56504040
554644.83799771
554831.19158205
555028.13022974
555489.47123206
555907.32256256
556059.97952593
556268.61944409
556902.35178192
557170.25561656
557409.90619690
557616.13147020
557843.01966729
558132.06777252
558224.66699732
558617.46963992
558630.94258781
559036.82237029
559070.65750465
559092.37624444
559112.54976220
559393.37510195
560239.92964210
560269.41508553
560564.01980777
560888.91625798
561005.52339980
562047.93638254
562486.73030084
563010.57515528
563325.40564189
563446.88159903
564111.21883846
564200.21705332
566251.27448379
566355.38150115
566614.37106620
567223.64271639
567619.38052164
568289.71829116
568307.27322225
568532.09971289
569901.48360360
570443.70282550
570893.27829056
572063.40106449
573048.10062890
573199.68314142
574033.46321921
576033.56745362
576105.91968350
578054.95069606
578985.56505717
579000.15238540
579187.36367769
579363.31028815
579450.95569058
579455.10341468
580233.77850974
580392.44524824
580918.90146038
581002.59460668
581854.98300563
582010.00053265
582708.91157930
583041.19081459
584282.21403316
584865.04190717
585098.54016924
585164.27226726
585382.46669854
586300.60016239
586841.59476641
587680.24254871
587921.41969380
587962.14772867
588388.93881540
589666.23469983
589740.79383105
590053.73243262
590081.86791428
590123.61172504
590376.41890419
590753.48975166
591015.30472444
591767.77126577
592286.37090724
592596.46914098
592602.19387078
592603.60454947
592927.21263752
593484.54828033
593546.81570360
593592.54618043
594090.17539610
594108.31474425
594598.57151402
594888.10933257
595065.39546077
595355.44257932
595529.78657935
595815.41179385
596389.74602847
596770.63125708
597367.32707771
597556.55880580
597723.35243052
598367.64469941
598390.15320565
598476.16965537
599658.94124526
599678.15302773
599898.68879912
600371.95456568
600500.23244974
600876.14167778
600955.93643563
601164.73207841
601472.11269275
601656.66142303
601778.45938053
602019.97036984
602792.50523782
603071.45177808
603099.84306798
604916.29103562
605103.28464631
606720.70993431
606764.84540954
606888.43554359
607314.26193652
607398.77187031
607434.74338937
607626.49886092
607667.97158214
607711.55662888
608730.52903156
608816.10031383
609041.60590075
610922.05931447
611185.07958304
611239.81960399
611486.28053870
611548.17737655
612618.46443382
612774.68349081
612891.62182288
612976.15979795
613414.11034572
613449.26735036
613520.81767793
613602.37661170
613803.40885565
614599.34111327
614724.47532546
614993.35064747
615010.42481097
615252.94345475
615286.77801139
615875.70945937
616746.02366641
616862.75666366
618220.67324025
618808.83730829
618948.41583646
618949.18465041
619496.36222468
620680.96166459
620969.24902355
621280.53145819
621415.23717612
621591.85020112
621996.97548273
622161.39932437
622476.93070366
622546.74264475
622551.60737801
623342.82294166
623677.15085925
624579.26814863
624954.41705521
625075.07989006
626699.00542164
627168.10280206
628132.62258947
629053.18320226
629129.79059388
629376.49398736
629604.50475600
630421.62939672
630538.81202972
630968.38360805
631176.49957322
631350.00197561
631672.77924747
632542.03988799
632690.27539931
633069.61421387
633511.24688571
633539.00728450
634851.33322613
635262.99022526
635515.04933706
635597.66951482
636132.93366067
636776.95919916
636898.46188887
636927.74621841
636980.74187640
637161.34848478
637378.73484713
637387.03606949
637503.09299850
638794.72732221
638871.21540893
639111.26651767
639118.89020972
639956.97905774
640029.10611140
640771.14306679
640791.82898090
640934.43032277
641674.80538859
642309.42272182
642310.53693909
643055.63852968
644092.82388322
644105.28388540
644524.14073154
644731.87500241
644874.73162634
645145.86758616
645200.12147212
645668.49788212
645908.58769488
646265.23106990
646863.43972740
647478.89893244
650709.65046912
650793.51089516
651149.87793255
651249.08762014
651271.77515868
651955.62521111
652332.40897971
653216.77812450
654058.62081240
654313.26470406
654689.52143638
654711.63382146
654804.38271059
655433.97532334
655675.06762530
655729.12017171
655902.33290364
656181.94535395
656340.98847801
656701.87652803
657114.25587740
657795.16237519
659616.34069282
659714.21281314
659782.28747312
659956.26558544
660204.81803727
660492.10352284
660610.09441643
660786.82342480
660924.05749703
661286.03348125
661940.35346052
661968.82973893
662292.42082876
662379.18626854
662583.27154927
663020.19707413
663168.75588589
663378.25072446
663574.96141962
663638.91476758
664180.81093202
664485.82206766
665131.96740907
665134.34128142
665224.47059568
666048.71295950
666110.37793454
666732.13674922
667248.47196711
667346.42666071
667790.23984330
668163.07938131
668584.47683493
668927.78250607
669466.71733330
669691.14177661
670517.66525696
671206.90162666
673083.46277468
673356.35801019
673700.20607979
673708.99601879
673880.10544052
674104.95932678
674582.85348237
675049.87428441
675092.61413469
675207.13092333
675210.93095166
676056.69254070
676072.87505481
676094.35057531
676718.39884387
677202.05819848
677574.66097539
678047.41937561
678343.34124273
678502.78100024
679076.54537939
679508.29561545
679718.50010379
680903.63522814
680974.45269812
681365.02447248
681538.00751715
681605.35486716
681788.60747171
681858.98723600
682542.88897778
682787.62714495
683394.19147221
683826.54486809
683996.34765900
685345.17418394
686136.55657677
687000.52081684
687365.22775657
687597.28028930
688302.39421885
688858.42834884
688968.51815025
689017.87799966
689206.67016561
689284.90672441
689958.17215841
690353.59146295
690616.56634854
690790.99312012
690869.32123196
691088.19946606
692754.34512126
692945.10854594
693115.55253680
693504.62394795
694494.69078961
694913.23138583
695154.42334663
695423.57235471
695731.00215235
696084.37654691
696439.86095191
696579.11209171
697279.76930765
697634.75765330
698699.59697445
699163.23180076
699207.17851325
701382.50732607
701919.96013539
702027.13117075
702115.90023019
702208.34631896
702209.22350402
702328.04608465
702338.06263942
702892.55221743
703494.86126648
703802.28494641
704851.58248405
704904.43793032
705147.84106315
705702.69417463
705816.23590625
706072.59272302
706084.56054598
706173.13378547
706350.46312458
706731.22650415
707226.73933589
707535.95300299
707733.92580667
707956.20291289
708102.33003250
708317.06303260
708574.18658543
708638.45520418
708658.33609876
708800.44058969
708962.70182185
709101.60462128
709501.33225069
710824.11808304
711156.61684543
711211.15373042
711567.41158500
711881.93045198
712747.90368136
712850.74103488
713384.14996428
714430.12156925
714540.74054146
714553.79000107
714621.57596900
714923.72795075
715036.49393921
716448.22950567
716610.70214818
717473.35883861
717636.29985716
718490.04915990
718987.16995978
718998.67035432
719069.94121475
719091.96858357
719381.52934971
719723.86959499
719877.58838286
720797.60736665
720881.43451671
720885.97981848
722224.27441357
722335.03679352
722934.92063991
723224.25393776
723346.76577631
725333.48450007
725777.38687701
726034.40402358
726075.61732355
726080.55021561
726303.65152171
726784.86634508
728355.14605364
728529.23404768
729105.64197091
729829.50959108
730973.39359958
731147.89812387
732313.78876559
733545.62475401
734017.79220140
734055.61536418
734788.19414913
735067.04821336
735292.96266595
735323.88196670
735396.87707038
735419.69868008
736236.72610726
736475.98655087
736786.75224202
737375.87560098
737551.75071799
737782.29945427
739361.23483761
739416.91427871
739640.21008228
739844.62863719
740147.80314062
740302.10497346
741559.36696318
742050.66063925
742544.91448980
742919.58607644
743430.47638264
743704.81812317
743873.10164747
744193.89327592
744302.19750158
744556.78343918
744650.76641708
744701.55473186
744941.08281652
745367.93871769
746713.51699867
747243.15720092
748195.77930157
748517.40184249
748600.71389395
748639.45425697
749586.84240109
751084.07136922
751452.11229374
751992.05465451
752258.82457503
752347.96768652
752371.17147806
752472.91216483
752506.59944983
753052.62066888
753954.76190342
754248.61961279
754252.48829162
754373.73839212
755197.64958064
755226.41894594
755246.12988205
755321.46052838
755864.39348493
757191.42071425
757673.06564152
758344.81197569
758713.55580600
758933.29621660
760108.31806662
760152.14955744
760601.37148833
760794.29550433
760860.05386476
760945.47794289
761265.02971590
761379.53201504
761845.99197301
762758.22149230
762967.66477153
763289.07180156
763867.56073077
764387.43854496
764560.55470499
765230.17076837
765345.21030567
765556.02794783
766319.81934659
766446.21645271
766526.92362880
766725.23579415
766956.93093693
767837.78194394
768337.84631954
769391.40364606
769906.50978574
770008.77214349
771037.39331718
771437.31541778
772649.99736506
772661.08157290
772921.48251626
773050.61377637
773392.75978614
773535.78011676
773660.81810955
773736.72279450
773878.86798858
774931.10995473
775482.86338866
776035.49695703
777726.19136753
777913.73422647
778347.42093440
778769.26892743
779192.83922071
779990.82934326
780583.08817511
780674.15659092
781397.56419232
781472.11703603
782004.38574563
782128.79173128
782344.68061541
782366.32142428
782469.15442085
782959.56205697
783046.07101797
783407.45992166
783462.94064643
783487.15816841
783534.29522151
783705.55524548
784626.40292310
785089.09463661
785836.68852994
786671.14064640
787730.80314431
788777.54122666
789040.18496449
790257.71297104
791318.46899746
792416.25970524
792568.17676681
793162.49697652
793496.21936675
794374.52497986
794383.84632691
794618.28496605
795435.41807924
795802.06170545
796669.07029857
798023.26638880
798355.30860124
798445.99594211
798476.36645255
798751.49615802
799160.22597117
799185.15373977
800569.06377051
801082.29314842
801354.95383911
801527.17455171
801736.78353591
801824.06210116
801875.10550836
802204.46214676
802663.82628379
802784.56953926
802900.89960379
803122.73890660
803472.53338687
803697.54636875
803728.68790011
805052.77568916
805364.80504514
805375.71268663
806183.23295441
807548.51098759
808063.31866511
808589.34789092
808646.30310991
808659.18539475
808742.07521206
808945.10105669
809220.81880133
810091.91500928
810782.07586687
810942.15970339
811048.61945205
811066.38529450
811289.32184428
811673.39683030
811988.74792721
812890.71773336
813019.73325447
814364.33077186
814668.09062593
815125.61676611
815501.96339411
815974.53045063
816270.18167917
816286.11828532
816335.26952285
816371.89011043
816755.22045902
816913.59782130
816967.42796167
817047.23494403
817347.87465272
818826.71887919
819243.87865067
819427.09052342
820348.72185256
820483.24825782
820874.17764184
820897.24788107
821096.61165531
821808.96525914
822123.44456334
822516.74911695
822828.23484926
823128.24871161
823524.07811409
823676.97816766
824085.16332595
824499.14629408
824858.53813594
825015.15749750
825351.47948636
826086.04004273
826498.20800151
826993.39158626
827453.65513428
827470.65377968
827687.02076463
828068.55607745
828590.76398278
828837.95803621
830814.62353978
830900.05651653
831039.54719051
832023.29450144
832459.03199198
832606.72666613
832947.88275263
833130.07136499
833159.62030877
833349.34510035
834093.23651473
834477.26805717
837764.91794744
838429.23247913
838810.07737925
840037.86134940
840617.00104904
840958.27511672
841308.95865601
842495.95362626
842821.59599471
842860.07305797
842905.36951864
843241.41154130
843512.10957438
843553.83610484
843597.68057544
843756.07478214
843913.45689445
844379.83946871
844471.57800715
844680.46433061
844971.56142063
845470.56391966
845585.47267916
845862.08661938
846895.75701775
847274.96090581
847467.25998663
847527.07133315
848372.44175162
848826.99797343
848833.83214413
849093.70285749
849354.95709779
849387.24429552
849422.05417782
849536.30309727
850204.03613794
850524.21702290
850646.12716034
850838.14744863
851407.70339262
851847.41811342
852458.34005532
852892.85644937
853095.49531296
853293.59415317
853410.55297260
853822.91250910
854156.05804757
857359.44015587
858342.22635262
858563.41088977
858703.18500971
859026.98733612
859245.16036511
859259.42987932
859333.31453446
859909.92808042
860447.93944883
860804.55291881
860906.56595500
861498.18734361
861868.28781656
861961.50915056
862370.61383007
862947.80521670
864078.62740424
864110.99963550
864171.67491806
864250.58435980
864355.98147473
865074.10649826
865168.52451889
865624.59470934
865953.38816228
866138.42126995
866794.27166043
867613.38203247
867654.38207891
867723.00373610
868140.21666857
870052.20993802
871186.80032319
871358.75874319
871835.37183443
872434.92477264
872537.03485374
872621.93445509
872963.25039561
873864.61421018
874408.85909718
876176.61343918
876208.21437342
876490.92011490
876621.73660683
877045.06100850
877641.39243564
877650.50260121
877923.39278989
877987.76879540
878347.00306837
878383.76688624
878974.33133418
879251.88350215
879527.60624206
879552.84038320
879971.18991456
880954.66499941
880960.36526538
881020.08575318
881498.59609279
881522.55693525
881683.27088204
881832.60778286
881897.30188963
882155.82113812
882406.69740896
883144.81916892
883458.04106767
883645.92480910
883717.93943215
884655.62613468
885926.54921360
885963.67035582
885988.26735708
886333.50730021
886472.16528504
887380.75998705
887595.21867093
888165.15349332
888211.94532791
888443.79352535
888476.92980046
888811.90696932
889122.33796432
889608.12241398
889739.81192617
889864.97075178
890301.53073692
890944.49591841
891061.72033985
891456.47697417
892206.98314769
892596.17953977
892649.09459526
893414.69800498
894374.93718064
895557.80375452
895912.04615383
896000.93851277
896028.71188700
896074.12320664
896504.69763272
896613.63936192
896853.79985966
897041.65879857
897196.24241421
898022.44082863
898360.90029700
898434.62000035
899543.90761436
900058.34580789
900584.30032025
901362.02511311
901594.35451725
902636.41118451
902637.89339887
902819.79975440
902949.62555581
903067.69793103
903151.10184605
903534.29768530
904245.07864553
904578.20079392
905739.06248556
906308.43581156
907130.20267629
907660.39982129
908209.00117009
908612.29332949
908646.74033137
908883.63574116
909542.53439621
909603.88009859
909788.11847119
910229.23201968
910638.10758038
910650.47477320
911087.36674182
911412.19540451
911997.10752391
912410.49602943
914087.89705723
914962.57931084
914982.51453996
915233.77037523
915435.27586888
915955.22513504
916306.99686577
916805.24781235
917553.88384494
917750.18902146
918135.74245293
918561.75262504
918598.49003178
919014.02192052
919301.73020236
919402.38744114
919732.01398657
920485.41912184
920556.21676738
920572.28519541
921145.86396149
921816.91630235
921873.80905401
922220.20424461
922290.14740361
923124.34891269
924510.65806877
924622.07831026
925814.41236693
926735.99536523
926811.80189377
927135.85219679
927283.47525218
928376.34504744
928434.32619302
928894.15630435
929110.71210438
929401.69360087
929711.32165522
931085.15988825
932596.80637610
933229.02206897
933631.51514898
933691.17680181
933868.33635845
935102.22447258
935847.41519168
936438.90413217
936866.52816923
937802.14764131
937863.68616317
938077.59794981
938991.69226296
939098.05730032
941102.34644781
941912.72020687
941988.16602543
942296.01340600
943158.97215683
943920.52073984
943933.51308531
944187.79348145
944199.27054655
944346.66539971
944503.80657646
944752.58536032
945405.34696243
945452.45587966
945882.77848917
946627.40220309
946795.28324214
947265.22522589
947276.88625637
947304.88624190
947414.15808655
947416.15024406
947705.76414645
948071.86288307
948082.05888084
948995.72347065
949092.84414823
949408.21156890
950243.15834835
950526.87997436
950530.78107453
951608.49640808
952146.07294825
952265.98414923
952605.27072538
952620.73300984
952708.51043983
952725.20967608
952898.22609890
955384.10308431
956378.73033771
956867.75169026
956936.83294249
956940.78055879
957166.74602806
957824.88072945
958193.07480994
958226.69027666
958369.42920209
958490.93966168
959686.74442586
960045.39621135
960420.19744605
960791.19008823
961499.45436162
961701.89993343
962753.56706588
963529.66147940
964242.32872634
964762.52385849
965281.86492613
966426.59347719
966979.62399243
967123.15632827
967155.58230532
967431.71933445
967775.58815963
968531.25248337
968858.97928895
969251.03863134
969361.46530838
969669.04245847
969963.96554376
971069.44727078
971180.05373868
971212.47053293
971330.57312908
971333.61748808
971904.47965086
973253.03281303
973302.65529653
973855.89771223
973887.52836207
974862.49572966
975133.59340776
975202.24659471
975306.69649769
975386.12576279
975733.31134311
976212.90986216
976752.73391485
977021.49899514
977304.75419433
978083.16388290
978152.64797152
978288.19264882
979098.65653221
980306.67969848
980345.81420023
980465.59959226
980619.04720882
980812.84088227
980897.74689027
981388.60494937
981488.17990242
982351.38738917
982987.95008187
983636.08031338
983916.92868641
984970.00942444
985614.65977631
985741.88509161
985945.57381616
986029.86397108
986484.93056812
986860.22919872
987194.27943859
988052.90337010
988057.45704694
988626.86110510
988912.97240265
989179.55592925
989582.20054416
990121.46779904
990455.17952702
990772.48840727
991508.94032196
991602.69226003
991763.49982775
991879.34383498
992001.49909214
992642.84271989
993065.40406445
993225.14496902
993298.68919853
993876.45872495
994221.06376550
995163.11436238
995569.23361046
995890.76000061
996179.30586301
996198.17323391
996688.80668966
996699.31102082
996713.57105198
998309.95516663
998567.07310407
998736.73439641
998863.10620029
998898.89331825
999001.58697358
999100.43417851
999259.60114562
999758.51545242
999794.15465235
